  1.09098E+00  2.06232E+00  1.01282E+01  9.99934E+01  5.27250E+00
  1.08598E+00  2.06124E+00  1.01408E+01  1.00077E+02  5.37069E+00
  1.08098E+00  2.06010E+00  1.01535E+01  1.00158E+02  5.47220E+00
  1.07598E+00  2.05891E+00  1.01663E+01  1.00234E+02  5.57630E+00
  1.07098E+00  2.05766E+00  1.01791E+01  1.00307E+02  5.68457E+00
  1.06598E+00  2.05636E+00  1.01919E+01  1.00376E+02  5.79582E+00
  1.06098E+00  2.05500E+00  1.02048E+01  1.00440E+02  5.91066E+00
  1.05598E+00  2.05358E+00  1.02177E+01  1.00501E+02  6.02901E+00
  1.05098E+00  2.05210E+00  1.02307E+01  1.00557E+02  6.15124E+00
  1.04598E+00  2.05056E+00  1.02437E+01  1.00609E+02  6.27742E+00
  1.04098E+00  2.04896E+00  1.02568E+01  1.00656E+02  6.40769E+00
  1.03598E+00  2.04730E+00  1.02698E+01  1.00698E+02  6.54257E+00
  1.03098E+00  2.04557E+00  1.02829E+01  1.00736E+02  6.68175E+00
  1.02598E+00  2.04377E+00  1.02961E+01  1.00769E+02  6.82581E+00
  1.02098E+00  2.04191E+00  1.03093E+01  1.00797E+02  6.97406E+00
  1.01598E+00  2.03999E+00  1.03225E+01  1.00820E+02  7.12794E+00
  1.01098E+00  2.03799E+00  1.03357E+01  1.00837E+02  7.28672E+00
  1.00598E+00  2.03592E+00  1.03490E+01  1.00850E+02  7.45138E+00
  1.00098E+00  2.03378E+00  1.03623E+01  1.00857E+02  7.62196E+00
  9.95980E-01  2.03157E+00  1.03756E+01  1.00858E+02  7.79824E+00
  9.90980E-01  2.02928E+00  1.03890E+01  1.00854E+02  7.98099E+00
  9.85980E-01  2.02692E+00  1.04024E+01  1.00844E+02  8.16950E+00
  9.80980E-01  2.02448E+00  1.04158E+01  1.00828E+02  8.36539E+00
  9.75980E-01  2.02197E+00  1.04293E+01  1.00806E+02  8.56793E+00
  9.70980E-01  2.01937E+00  1.04427E+01  1.00778E+02  8.77836E+00
  9.65980E-01  2.01670E+00  1.04562E+01  1.00743E+02  8.99681E+00
  9.60980E-01  2.01394E+00  1.04697E+01  1.00702E+02  9.22297E+00
  9.55980E-01  2.01110E+00  1.04832E+01  1.00655E+02  9.45790E+00
  9.50980E-01  2.00817E+00  1.04967E+01  1.00601E+02  9.70108E+00
  9.45980E-01  2.00516E+00  1.05103E+01  1.00540E+02  9.95350E+00
  9.40980E-01  2.00206E+00  1.05238E+01  1.00473E+02  1.02162E+01
  9.35980E-01  1.99887E+00  1.05374E+01  1.00398E+02  1.04883E+01
  9.30980E-01  1.99559E+00  1.05510E+01  1.00316E+02  1.07720E+01
  9.25980E-01  1.99222E+00  1.05645E+01  1.00227E+02  1.10667E+01
  9.20980E-01  1.98876E+00  1.05781E+01  1.00130E+02  1.13721E+01
  9.15980E-01  1.98520E+00  1.05918E+01  1.00026E+02  1.16906E+01
  9.10980E-01  1.98154E+00  1.06053E+01  9.99141E+01  1.20211E+01
  9.05980E-01  1.97779E+00  1.06189E+01  9.97944E+01  1.23659E+01
  9.00980E-01  1.97394E+00  1.06326E+01  9.96666E+01  1.27252E+01
  8.95980E-01  1.96998E+00  1.06461E+01  9.95308E+01  1.30986E+01
  8.90980E-01  1.96593E+00  1.06597E+01  9.93867E+01  1.34878E+01
  8.85980E-01  1.96177E+00  1.06733E+01  9.92342E+01  1.38937E+01
  8.80980E-01  1.95750E+00  1.06869E+01  9.90733E+01  1.43159E+01
  8.75980E-01  1.95313E+00  1.07005E+01  9.89037E+01  1.47569E+01
  8.70980E-01  1.94865E+00  1.07140E+01  9.87253E+01  1.52176E+01
  8.65980E-01  1.94405E+00  1.07275E+01  9.85379E+01  1.56965E+01
  8.60980E-01  1.93935E+00  1.07411E+01  9.83416E+01  1.61986E+01
  8.55980E-01  1.93453E+00  1.07546E+01  9.81360E+01  1.67228E+01
  8.50980E-01  1.92960E+00  1.07681E+01  9.79212E+01  1.72689E+01
  8.45980E-01  1.92455E+00  1.07815E+01  9.76969E+01  1.78407E+01
  8.40980E-01  1.91939E+00  1.07949E+01  9.74630E+01  1.84396E+01
  8.35980E-01  1.91410E+00  1.08083E+01  9.72194E+01  1.90645E+01
  8.30980E-01  1.90869E+00  1.08217E+01  9.69660E+01  1.97193E+01
  8.25980E-01  1.90316E+00  1.08350E+01  9.67025E+01  2.04049E+01
  8.20980E-01  1.89750E+00  1.08483E+01  9.64290E+01  2.11214E+01
  8.15980E-01  1.89172E+00  1.08616E+01  9.61453E+01  2.18744E+01
  8.10980E-01  1.88581E+00  1.08748E+01  9.58513E+01  2.26639E+01
  8.05980E-01  1.87977E+00  1.08879E+01  9.55468E+01  2.34921E+01
  8.00980E-01  1.87360E+00  1.09011E+01  9.52317E+01  2.43575E+01
  7.95980E-01  1.86729E+00  1.09141E+01  9.49058E+01  2.52688E+01
  7.90980E-01  1.86086E+00  1.09271E+01  9.45692E+01  2.62260E+01
  7.85980E-01  1.85428E+00  1.09401E+01  9.42216E+01  2.72314E+01
  7.80980E-01  1.84757E+00  1.09530E+01  9.38630E+01  2.82874E+01
  7.75980E-01  1.84072E+00  1.09658E+01  9.34933E+01  2.93983E+01
  7.70980E-01  1.83373E+00  1.09786E+01  9.31124E+01  3.05676E+01
  7.65980E-01  1.82659E+00  1.09912E+01  9.27200E+01  3.17986E+01
  7.60980E-01  1.81931E+00  1.10039E+01  9.23162E+01  3.30912E+01
  7.55980E-01  1.81189E+00  1.10164E+01  9.19008E+01  3.44616E+01
  7.50980E-01  1.80432E+00  1.10289E+01  9.14739E+01  3.59028E+01
  7.45980E-01  1.79660E+00  1.10413E+01  9.10352E+01  3.74208E+01
  7.40980E-01  1.78873E+00  1.10536E+01  9.05847E+01  3.90208E+01
  7.35980E-01  1.78071E+00  1.10658E+01  9.01223E+01  4.07147E+01
  7.30980E-01  1.77254E+00  1.10778E+01  8.96479E+01  4.25059E+01
  7.25980E-01  1.76421E+00  1.10899E+01  8.91616E+01  4.43986E+01
  7.20980E-01  1.75573E+00  1.11018E+01  8.86632E+01  4.63969E+01
  7.15980E-01  1.74709E+00  1.11136E+01  8.81526E+01  4.85090E+01
  7.10980E-01  1.73830E+00  1.11254E+01  8.76298E+01  5.07515E+01
  7.05980E-01  1.72934E+00  1.11369E+01  8.70948E+01  5.31299E+01
  7.00980E-01  1.72022E+00  1.11484E+01  8.65476E+01  5.56489E+01
  6.95980E-01  1.71095E+00  1.11598E+01  8.59879E+01  5.83172E+01
  6.90980E-01  1.70150E+00  1.11710E+01  8.54160E+01  6.11533E+01
  6.85980E-01  1.69190E+00  1.11821E+01  8.48317E+01  6.41647E+01
  6.80980E-01  1.68213E+00  1.11931E+01  8.42350E+01  6.73632E+01
  6.75980E-01  1.67219E+00  1.12039E+01  8.36260E+01  7.07689E+01
  6.70980E-01  1.66209E+00  1.12146E+01  8.30047E+01  7.43866E+01
  6.65980E-01  1.65182E+00  1.12252E+01  8.23709E+01  7.82413E+01
  6.60980E-01  1.64138E+00  1.12356E+01  8.17248E+01  8.23572E+01
  6.55980E-01  1.63077E+00  1.12459E+01  8.10664E+01  8.67442E+01
  6.50980E-01  1.61999E+00  1.12560E+01  8.03958E+01  9.14154E+01
  6.45980E-01  1.60904E+00  1.12660E+01  7.97129E+01  9.63967E+01
  6.40980E-01  1.59792E+00  1.12758E+01  7.90179E+01  1.01726E+02
  6.35980E-01  1.58663E+00  1.12854E+01  7.83107E+01  1.07444E+02
  6.30980E-01  1.57517E+00  1.12949E+01  7.75917E+01  1.13551E+02
  6.25980E-01  1.56353E+00  1.13042E+01  7.68606E+01  1.20083E+02
  6.20980E-01  1.55172E+00  1.13133E+01  7.61175E+01  1.27087E+02
  6.15980E-01  1.53974E+00  1.13221E+01  7.53629E+01  1.34612E+02
  6.10980E-01  1.52759E+00  1.13309E+01  7.45968E+01  1.42672E+02
  6.05980E-01  1.51526E+00  1.13396E+01  7.38188E+01  1.51337E+02
  6.00980E-01  1.50276E+00  1.13479E+01  7.30298E+01  1.60646E+02
  5.95980E-01  1.49009E+00  1.13561E+01  7.22297E+01  1.70681E+02
  5.90980E-01  1.47725E+00  1.13640E+01  7.14183E+01  1.81487E+02
  5.85980E-01  1.46423E+00  1.13718E+01  7.05961E+01  1.93107E+02
  5.80980E-01  1.45105E+00  1.13793E+01  6.97635E+01  2.05657E+02
  5.75980E-01  1.43769E+00  1.13867E+01  6.89202E+01  2.19215E+02
  5.70980E-01  1.42417E+00  1.13939E+01  6.80668E+01  2.33872E+02
  5.65980E-01  1.41047E+00  1.14009E+01  6.72033E+01  2.49688E+02
  5.60980E-01  1.39661E+00  1.14075E+01  6.63301E+01  2.66828E+02
  5.55980E-01  1.38259E+00  1.14140E+01  6.54474E+01  2.85433E+02
  5.50980E-01  1.36840E+00  1.14203E+01  6.45555E+01  3.05580E+02
  5.45980E-01  1.35405E+00  1.14264E+01  6.36546E+01  3.27461E+02
  5.40980E-01  1.33953E+00  1.14322E+01  6.27450E+01  3.51239E+02
  5.35980E-01  1.32486E+00  1.14378E+01  6.18271E+01  3.77093E+02
  5.30980E-01  1.31003E+00  1.14433E+01  6.09012E+01  4.05298E+02
  5.25980E-01  1.29504E+00  1.14484E+01  5.99676E+01  4.35997E+02
  5.20980E-01  1.27991E+00  1.14534E+01  5.90266E+01  4.69590E+02
  5.15980E-01  1.26462E+00  1.14581E+01  5.80787E+01  5.06268E+02
  5.10980E-01  1.24918E+00  1.14627E+01  5.71243E+01  5.46281E+02
  5.05980E-01  1.23361E+00  1.14669E+01  5.61635E+01  5.90123E+02
  5.00980E-01  1.21788E+00  1.14709E+01  5.51971E+01  6.38283E+02
  4.95980E-01  1.20203E+00  1.14748E+01  5.42252E+01  6.91008E+02
  4.90980E-01  1.18603E+00  1.14784E+01  5.32484E+01  7.48959E+02
  4.85980E-01  1.16991E+00  1.14819E+01  5.22671E+01  8.12878E+02
  4.80980E-01  1.15365E+00  1.14851E+01  5.12818E+01  8.83225E+02
  4.75980E-01  1.13728E+00  1.14881E+01  5.02929E+01  9.60641E+02
  4.70980E-01  1.12078E+00  1.14910E+01  4.93009E+01  1.04608E+03
  4.65980E-01  1.10417E+00  1.14936E+01  4.83063E+01  1.14110E+03
  4.60980E-01  1.08745E+00  1.14962E+01  4.73096E+01  1.24574E+03
  4.55980E-01  1.07062E+00  1.14985E+01  4.63114E+01  1.36189E+03
  4.50980E-01  1.05369E+00  1.15007E+01  4.53121E+01  1.49094E+03
  4.45980E-01  1.03667E+00  1.15028E+01  4.43123E+01  1.63448E+03
  4.40980E-01  1.01956E+00  1.15046E+01  4.33125E+01  1.79402E+03
  4.35980E-01  1.00236E+00  1.15065E+01  4.23135E+01  1.97223E+03
  4.30980E-01  9.85088E-01  1.15083E+01  4.13154E+01  2.17125E+03
  4.25980E-01  9.67741E-01  1.15099E+01  4.03192E+01  2.39344E+03
  4.20980E-01  9.50329E-01  1.15115E+01  3.93253E+01  2.64300E+03
  4.15980E-01  9.32856E-01  1.15132E+01  3.83343E+01  2.92245E+03
  4.10980E-01  9.15331E-01  1.15147E+01  3.73468E+01  3.23646E+03
  4.05980E-01  8.97761E-01  1.15163E+01  3.63633E+01  3.59100E+03
  4.00980E-01  8.80150E-01  1.15181E+01  3.53846E+01  3.98930E+03
  3.95980E-01  8.62509E-01  1.15199E+01  3.44111E+01  4.44014E+03
  3.90980E-01  8.44845E-01  1.15219E+01  3.34436E+01  4.94994E+03
  3.85980E-01  8.27164E-01  1.15241E+01  3.24826E+01  5.52722E+03
  3.80980E-01  8.09474E-01  1.15264E+01  3.15287E+01  6.18494E+03
  3.75980E-01  7.91785E-01  1.15293E+01  3.05825E+01  6.93226E+03
  3.70980E-01  7.74104E-01  1.15324E+01  2.96446E+01  7.78338E+03
  3.65980E-01  7.56441E-01  1.15357E+01  2.87157E+01  8.75850E+03
  3.60980E-01  7.38802E-01  1.15399E+01  2.77962E+01  9.87077E+03
  3.55980E-01  7.21199E-01  1.15445E+01  2.68870E+01  1.11497E+04
  3.50980E-01  7.03637E-01  1.15497E+01  2.59883E+01  1.26193E+04
  3.45980E-01  6.86129E-01  1.15556E+01  2.51010E+01  1.43099E+04
  3.40980E-01  6.68684E-01  1.15624E+01  2.42255E+01  1.62680E+04
  3.35980E-01  6.51308E-01  1.15702E+01  2.33624E+01  1.85285E+04
  3.30980E-01  6.34015E-01  1.15791E+01  2.25122E+01  2.11513E+04
  3.25980E-01  6.16813E-01  1.15892E+01  2.16756E+01  2.42015E+04
  3.20980E-01  5.99711E-01  1.16007E+01  2.08529E+01  2.77589E+04
  3.15980E-01  5.82721E-01  1.16139E+01  2.00447E+01  3.19143E+04
  3.10980E-01  5.65850E-01  1.16285E+01  1.92515E+01  3.67813E+04
  3.05980E-01  5.49112E-01  1.16453E+01  1.84738E+01  4.25007E+04
  3.00980E-01  5.32512E-01  1.16642E+01  1.77119E+01  4.92180E+04
  2.95980E-01  5.16066E-01  1.16855E+01  1.69665E+01  5.71888E+04
  2.90980E-01  4.99782E-01  1.17096E+01  1.62378E+01  6.66070E+04
  2.85980E-01  4.83668E-01  1.17366E+01  1.55261E+01  7.77895E+04
  2.80980E-01  4.67737E-01  1.17670E+01  1.48319E+01  9.10970E+04
  2.75980E-01  4.52001E-01  1.18012E+01  1.41557E+01  1.07060E+05
  2.70980E-01  4.36466E-01  1.18394E+01  1.34975E+01  1.26101E+05
  2.65980E-01  4.21145E-01  1.18826E+01  1.28577E+01  1.49098E+05
  2.60980E-01  4.06048E-01  1.19310E+01  1.22367E+01  1.76810E+05
  2.55980E-01  3.91184E-01  1.19848E+01  1.16345E+01  2.10329E+05
  2.50980E-01  3.76564E-01  1.20457E+01  1.10514E+01  2.51018E+05
  2.45980E-01  3.62199E-01  1.21138E+01  1.04876E+01  3.00710E+05
  2.40980E-01  3.48095E-01  1.21902E+01  9.94319E+00  3.61262E+05
  2.35980E-01  3.34265E-01  1.22762E+01  9.41827E+00  4.35760E+05
  2.30980E-01  3.20719E-01  1.23726E+01  8.91302E+00  5.27742E+05
  2.25980E-01  3.07463E-01  1.24803E+01  8.42732E+00  6.41247E+05
  2.20980E-01  2.94510E-01  1.26020E+01  7.96140E+00  7.82144E+05
  2.15980E-01  2.81867E-01  1.27393E+01  7.51508E+00  9.58074E+05
  2.10980E-01  2.69542E-01  1.28930E+01  7.08840E+00  1.17835E+06
  2.05980E-01  2.57545E-01  1.30678E+01  6.68126E+00  1.45489E+06
  2.00980E-01  2.45882E-01  1.32656E+01  6.29360E+00  1.80413E+06
  1.95980E-01  2.34564E-01  1.34887E+01  5.92532E+00  2.24774E+06
  1.90980E-01  2.23596E-01  1.37442E+01  5.57624E+00  2.81112E+06
  1.85980E-01  2.12986E-01  1.40344E+01  5.24622E+00  3.53426E+06
  1.80980E-01  2.02740E-01  1.43661E+01  4.93511E+00  4.46136E+06
  1.75980E-01  1.92867E-01  1.47465E+01  4.64274E+00  5.66016E+06
  1.70980E-01  1.83372E-01  1.51872E+01  4.36895E+00  7.21197E+06
  1.65980E-01  1.74263E-01  1.56956E+01  4.11365E+00  9.24126E+06
  1.60980E-01  1.65544E-01  1.62893E+01  3.87657E+00  1.19039E+07
  1.55980E-01  1.57221E-01  1.69840E+01  3.65770E+00  1.54088E+07
  1.50980E-01  1.49301E-01  1.78039E+01  3.45698E+00  2.00621E+07
  1.45980E-01  1.41789E-01  1.87769E+01  3.27447E+00  2.62828E+07
  1.40980E-01  1.34690E-01  1.99457E+01  3.11029E+00  3.46948E+07
  1.35980E-01  1.28011E-01  2.13638E+01  2.96491E+00  4.61609E+07
  1.30980E-01  1.21759E-01  2.31056E+01  2.83911E+00  6.21103E+07
  1.25980E-01  1.15939E-01  2.52726E+01  2.73386E+00  8.49296E+07
  1.20980E-01  1.10559E-01  2.80135E+01  2.65115E+00  1.19095E+08
  1.15980E-01  1.05630E-01  3.15547E+01  2.59448E+00  1.74341E+08
  1.10980E-01  1.01163E-01  3.62569E+01  2.56994E+00  2.75586E+08
  1.05980E-01  9.71756E-02  4.26824E+01  2.58873E+00  4.99475E+08
  1.00980E-01  9.36913E-02  5.18079E+01  2.67435E+00  1.13446E+09
  9.59800E-02  9.07407E-02  6.54511E+01  2.88105E+00  3.55979E+09
  9.09800E-02  8.84402E-02  8.71426E+01  3.36054E+00  1.66155E+10
  8.59800E-02  8.71028E-02  1.17198E+02  4.32724E+00  8.81714E+10
  8.09800E-02  8.63480E-02  1.76661E+02  7.49046E+00  9.45583E+11
