  1.35598E+00  1.88112E+00  9.57864E+00  7.72038E+01  6.15656E+00
  1.35098E+00  1.88110E+00  9.58891E+00  7.73249E+01  6.22838E+00
  1.34598E+00  1.88107E+00  9.59921E+00  7.74452E+01  6.30150E+00
  1.34098E+00  1.88102E+00  9.60952E+00  7.75650E+01  6.37624E+00
  1.33598E+00  1.88094E+00  9.61990E+00  7.76839E+01  6.45277E+00
  1.33098E+00  1.88085E+00  9.63035E+00  7.78020E+01  6.53003E+00
  1.32598E+00  1.88074E+00  9.64079E+00  7.79194E+01  6.60933E+00
  1.32098E+00  1.88061E+00  9.65130E+00  7.80359E+01  6.69063E+00
  1.31598E+00  1.88046E+00  9.66182E+00  7.81516E+01  6.77311E+00
  1.31098E+00  1.88029E+00  9.67236E+00  7.82665E+01  6.85767E+00
  1.30598E+00  1.88010E+00  9.68297E+00  7.83804E+01  6.94364E+00
  1.30098E+00  1.87988E+00  9.69362E+00  7.84935E+01  7.03158E+00
  1.29598E+00  1.87965E+00  9.70430E+00  7.86056E+01  7.12191E+00
  1.29098E+00  1.87939E+00  9.71499E+00  7.87167E+01  7.21353E+00
  1.28598E+00  1.87911E+00  9.72571E+00  7.88269E+01  7.30734E+00
  1.28098E+00  1.87881E+00  9.73650E+00  7.89360E+01  7.40319E+00
  1.27598E+00  1.87848E+00  9.74734E+00  7.90442E+01  7.50114E+00
  1.27098E+00  1.87813E+00  9.75820E+00  7.91512E+01  7.60175E+00
  1.26598E+00  1.87776E+00  9.76910E+00  7.92570E+01  7.70366E+00
  1.26098E+00  1.87737E+00  9.77999E+00  7.93619E+01  7.80834E+00
  1.25598E+00  1.87694E+00  9.79097E+00  7.94654E+01  7.91513E+00
  1.25098E+00  1.87650E+00  9.80198E+00  7.95680E+01  8.02437E+00
  1.24598E+00  1.87603E+00  9.81302E+00  7.96692E+01  8.13658E+00
  1.24098E+00  1.87553E+00  9.82408E+00  7.97691E+01  8.25076E+00
  1.23598E+00  1.87501E+00  9.83516E+00  7.98678E+01  8.36775E+00
  1.23098E+00  1.87446E+00  9.84632E+00  7.99652E+01  8.48774E+00
  1.22598E+00  1.87388E+00  9.85752E+00  8.00613E+01  8.60987E+00
  1.22098E+00  1.87328E+00  9.86875E+00  8.01560E+01  8.73572E+00
  1.21598E+00  1.87265E+00  9.88000E+00  8.02492E+01  8.86352E+00
  1.21098E+00  1.87199E+00  9.89125E+00  8.03409E+01  8.99484E+00
  1.20598E+00  1.87130E+00  9.90260E+00  8.04314E+01  9.12905E+00
  1.20098E+00  1.87059E+00  9.91396E+00  8.05202E+01  9.26648E+00
  1.19598E+00  1.86984E+00  9.92537E+00  8.06074E+01  9.40799E+00
  1.19098E+00  1.86906E+00  9.93676E+00  8.06931E+01  9.55215E+00
  1.18598E+00  1.86826E+00  9.94822E+00  8.07772E+01  9.70039E+00
  1.18098E+00  1.86742E+00  9.95975E+00  8.08595E+01  9.85121E+00
  1.17598E+00  1.86655E+00  9.97128E+00  8.09403E+01  1.00063E+01
  1.17098E+00  1.86565E+00  9.98286E+00  8.10193E+01  1.01660E+01
  1.16598E+00  1.86472E+00  9.99443E+00  8.10964E+01  1.03287E+01
  1.16098E+00  1.86376E+00  1.00061E+01  8.11719E+01  1.04958E+01
  1.15598E+00  1.86276E+00  1.00178E+01  8.12454E+01  1.06667E+01
  1.15098E+00  1.86173E+00  1.00295E+01  8.13170E+01  1.08429E+01
  1.14598E+00  1.86066E+00  1.00412E+01  8.13867E+01  1.10227E+01
  1.14098E+00  1.85956E+00  1.00529E+01  8.14545E+01  1.12077E+01
  1.13598E+00  1.85842E+00  1.00648E+01  8.15202E+01  1.13970E+01
  1.13098E+00  1.85725E+00  1.00766E+01  8.15838E+01  1.15915E+01
  1.12598E+00  1.85604E+00  1.00885E+01  8.16453E+01  1.17919E+01
  1.12098E+00  1.85480E+00  1.01004E+01  8.17048E+01  1.19966E+01
  1.11598E+00  1.85352E+00  1.01123E+01  8.17620E+01  1.22073E+01
  1.11098E+00  1.85220E+00  1.01243E+01  8.18169E+01  1.24224E+01
  1.10598E+00  1.85084E+00  1.01363E+01  8.18696E+01  1.26449E+01
  1.10098E+00  1.84944E+00  1.01484E+01  8.19199E+01  1.28724E+01
  1.09598E+00  1.84800E+00  1.01604E+01  8.19679E+01  1.31066E+01
  1.09098E+00  1.84652E+00  1.01725E+01  8.20133E+01  1.33469E+01
  1.08598E+00  1.84500E+00  1.01846E+01  8.20564E+01  1.35943E+01
  1.08098E+00  1.84344E+00  1.01968E+01  8.20969E+01  1.38491E+01
  1.07598E+00  1.84184E+00  1.02090E+01  8.21349E+01  1.41097E+01
  1.07098E+00  1.84019E+00  1.02212E+01  8.21702E+01  1.43781E+01
  1.06598E+00  1.83851E+00  1.02335E+01  8.22028E+01  1.46540E+01
  1.06098E+00  1.83677E+00  1.02458E+01  8.22327E+01  1.49387E+01
  1.05598E+00  1.83500E+00  1.02580E+01  8.22598E+01  1.52313E+01
  1.05098E+00  1.83317E+00  1.02703E+01  8.22841E+01  1.55324E+01
  1.04598E+00  1.83130E+00  1.02827E+01  8.23055E+01  1.58415E+01
  1.04098E+00  1.82939E+00  1.02951E+01  8.23238E+01  1.61612E+01
  1.03598E+00  1.82743E+00  1.03075E+01  8.23393E+01  1.64892E+01
  1.03098E+00  1.82542E+00  1.03200E+01  8.23517E+01  1.68279E+01
  1.02598E+00  1.82336E+00  1.03324E+01  8.23609E+01  1.71748E+01
  1.02098E+00  1.82125E+00  1.03449E+01  8.23669E+01  1.75347E+01
  1.01598E+00  1.81909E+00  1.03574E+01  8.23697E+01  1.79042E+01
  1.01098E+00  1.81688E+00  1.03699E+01  8.23692E+01  1.82856E+01
  1.00598E+00  1.81462E+00  1.03825E+01  8.23655E+01  1.86779E+01
  1.00098E+00  1.81231E+00  1.03951E+01  8.23582E+01  1.90845E+01
  9.95980E-01  1.80994E+00  1.04077E+01  8.23474E+01  1.95019E+01
  9.90980E-01  1.80752E+00  1.04204E+01  8.23331E+01  1.99338E+01
  9.85980E-01  1.80505E+00  1.04330E+01  8.23153E+01  2.03771E+01
  9.80980E-01  1.80252E+00  1.04457E+01  8.22938E+01  2.08378E+01
  9.75980E-01  1.79994E+00  1.04584E+01  8.22685E+01  2.13114E+01
  9.70980E-01  1.79730E+00  1.04711E+01  8.22394E+01  2.18014E+01
  9.65980E-01  1.79460E+00  1.04838E+01  8.22066E+01  2.23063E+01
  9.60980E-01  1.79184E+00  1.04966E+01  8.21697E+01  2.28303E+01
  9.55980E-01  1.78903E+00  1.05093E+01  8.21288E+01  2.33696E+01
  9.50980E-01  1.78615E+00  1.05221E+01  8.20840E+01  2.39268E+01
  9.45980E-01  1.78321E+00  1.05350E+01  8.20349E+01  2.45030E+01
  9.40980E-01  1.78021E+00  1.05478E+01  8.19817E+01  2.51009E+01
  9.35980E-01  1.77715E+00  1.05605E+01  8.19242E+01  2.57183E+01
  9.30980E-01  1.77403E+00  1.05734E+01  8.18623E+01  2.63568E+01
  9.25980E-01  1.77084E+00  1.05863E+01  8.17962E+01  2.70180E+01
  9.20980E-01  1.76759E+00  1.05992E+01  8.17253E+01  2.77019E+01
  9.15980E-01  1.76427E+00  1.06120E+01  8.16501E+01  2.84122E+01
  9.10980E-01  1.76089E+00  1.06249E+01  8.15702E+01  2.91432E+01
  9.05980E-01  1.75743E+00  1.06378E+01  8.14855E+01  2.99045E+01
  9.00980E-01  1.75391E+00  1.06507E+01  8.13961E+01  3.06922E+01
  8.95980E-01  1.75032E+00  1.06636E+01  8.13019E+01  3.15087E+01
  8.90980E-01  1.74666E+00  1.06765E+01  8.12028E+01  3.23558E+01
  8.85980E-01  1.74293E+00  1.06895E+01  8.10986E+01  3.32344E+01
  8.80980E-01  1.73913E+00  1.07024E+01  8.09893E+01  3.41482E+01
  8.75980E-01  1.73525E+00  1.07153E+01  8.08750E+01  3.50899E+01
  8.70980E-01  1.73130E+00  1.07282E+01  8.07553E+01  3.60733E+01
  8.65980E-01  1.72728E+00  1.07411E+01  8.06303E+01  3.70923E+01
  8.60980E-01  1.72318E+00  1.07540E+01  8.05001E+01  3.81507E+01
  8.55980E-01  1.71900E+00  1.07670E+01  8.03642E+01  3.92524E+01
  8.50980E-01  1.71474E+00  1.07798E+01  8.02228E+01  4.03965E+01
  8.45980E-01  1.71041E+00  1.07928E+01  8.00758E+01  4.15840E+01
  8.40980E-01  1.70600E+00  1.08057E+01  7.99231E+01  4.28186E+01
  8.35980E-01  1.70150E+00  1.08185E+01  7.97646E+01  4.41073E+01
  8.30980E-01  1.69693E+00  1.08313E+01  7.96001E+01  4.54500E+01
  8.25980E-01  1.69227E+00  1.08442E+01  7.94298E+01  4.68393E+01
  8.20980E-01  1.68753E+00  1.08571E+01  7.92533E+01  4.82943E+01
  8.15980E-01  1.68270E+00  1.08699E+01  7.90708E+01  4.98038E+01
  8.10980E-01  1.67779E+00  1.08827E+01  7.88819E+01  5.13776E+01
  8.05980E-01  1.67279E+00  1.08955E+01  7.86868E+01  5.30235E+01
  8.00980E-01  1.66770E+00  1.09082E+01  7.84852E+01  5.47341E+01
  7.95980E-01  1.66253E+00  1.09210E+01  7.82771E+01  5.65200E+01
  7.90980E-01  1.65726E+00  1.09337E+01  7.80625E+01  5.83898E+01
  7.85980E-01  1.65191E+00  1.09463E+01  7.78411E+01  6.03326E+01
  7.80980E-01  1.64646E+00  1.09590E+01  7.76128E+01  6.23622E+01
  7.75980E-01  1.64092E+00  1.09716E+01  7.73776E+01  6.44893E+01
  7.70980E-01  1.63534E+00  1.09839E+01  7.71378E+01  6.66843E+01
  7.65980E-01  1.62973E+00  1.09962E+01  7.68938E+01  6.89511E+01
  7.60980E-01  1.62403E+00  1.10084E+01  7.66428E+01  7.13228E+01
  7.55980E-01  1.61824E+00  1.10205E+01  7.63851E+01  7.37975E+01
  7.50980E-01  1.61236E+00  1.10326E+01  7.61204E+01  7.63777E+01
  7.45980E-01  1.60638E+00  1.10447E+01  7.58486E+01  7.90846E+01
  7.40980E-01  1.60032E+00  1.10565E+01  7.55695E+01  8.19093E+01
  7.35980E-01  1.59415E+00  1.10684E+01  7.52832E+01  8.48627E+01
  7.30980E-01  1.58789E+00  1.10803E+01  7.49894E+01  8.79614E+01
  7.25980E-01  1.58153E+00  1.10920E+01  7.46881E+01  9.12053E+01
  7.20980E-01  1.57507E+00  1.11037E+01  7.43792E+01  9.45984E+01
  7.15980E-01  1.56851E+00  1.11154E+01  7.40626E+01  9.81698E+01
  7.10980E-01  1.56184E+00  1.11268E+01  7.37381E+01  1.01902E+02
  7.05980E-01  1.55507E+00  1.11384E+01  7.34057E+01  1.05825E+02
  7.00980E-01  1.54819E+00  1.11498E+01  7.30651E+01  1.09954E+02
  6.95980E-01  1.54119E+00  1.11610E+01  7.27164E+01  1.14282E+02
  6.90980E-01  1.53409E+00  1.11723E+01  7.23595E+01  1.18831E+02
  6.85980E-01  1.52687E+00  1.11835E+01  7.19941E+01  1.23628E+02
  6.80980E-01  1.51954E+00  1.11945E+01  7.16201E+01  1.28690E+02
  6.75980E-01  1.51208E+00  1.12056E+01  7.12374E+01  1.33993E+02
  6.70980E-01  1.50451E+00  1.12166E+01  7.08461E+01  1.39606E+02
  6.65980E-01  1.49682E+00  1.12274E+01  7.04459E+01  1.45519E+02
  6.60980E-01  1.48900E+00  1.12382E+01  7.00367E+01  1.51775E+02
  6.55980E-01  1.48105E+00  1.12488E+01  6.96183E+01  1.58370E+02
  6.50980E-01  1.47298E+00  1.12595E+01  6.91908E+01  1.65345E+02
  6.45980E-01  1.46478E+00  1.12700E+01  6.87542E+01  1.72744E+02
  6.40980E-01  1.45644E+00  1.12804E+01  6.83080E+01  1.80562E+02
  6.35980E-01  1.44797E+00  1.12907E+01  6.78524E+01  1.88810E+02
  6.30980E-01  1.43937E+00  1.13008E+01  6.73871E+01  1.97611E+02
  6.25980E-01  1.43062E+00  1.13110E+01  6.69123E+01  2.06916E+02
  6.20980E-01  1.42174E+00  1.13211E+01  6.64276E+01  2.16834E+02
  6.15980E-01  1.41271E+00  1.13309E+01  6.59332E+01  2.27341E+02
  6.10980E-01  1.40355E+00  1.13408E+01  6.54290E+01  2.38496E+02
  6.05980E-01  1.39424E+00  1.13504E+01  6.49148E+01  2.50427E+02
  6.00980E-01  1.38478E+00  1.13601E+01  6.43906E+01  2.63102E+02
  5.95980E-01  1.37517E+00  1.13696E+01  6.38563E+01  2.76652E+02
  5.90980E-01  1.36541E+00  1.13789E+01  6.33121E+01  2.91065E+02
  5.85980E-01  1.35550E+00  1.13882E+01  6.27576E+01  3.06475E+02
  5.80980E-01  1.34545E+00  1.13972E+01  6.21931E+01  3.22938E+02
  5.75980E-01  1.33523E+00  1.14062E+01  6.16185E+01  3.40544E+02
  5.70980E-01  1.32487E+00  1.14151E+01  6.10338E+01  3.59443E+02
  5.65980E-01  1.31434E+00  1.14239E+01  6.04389E+01  3.79637E+02
  5.60980E-01  1.30366E+00  1.14325E+01  5.98339E+01  4.01344E+02
  5.55980E-01  1.29282E+00  1.14409E+01  5.92188E+01  4.24632E+02
  5.50980E-01  1.28183E+00  1.14493E+01  5.85938E+01  4.49728E+02
  5.45980E-01  1.27067E+00  1.14575E+01  5.79587E+01  4.76607E+02
  5.40980E-01  1.25936E+00  1.14656E+01  5.73138E+01  5.05652E+02
  5.35980E-01  1.24789E+00  1.14734E+01  5.66591E+01  5.36919E+02
  5.30980E-01  1.23626E+00  1.14812E+01  5.59947E+01  5.70695E+02
  5.25980E-01  1.22446E+00  1.14888E+01  5.53205E+01  6.07151E+02
  5.20980E-01  1.21251E+00  1.14963E+01  5.46370E+01  6.46501E+02
  5.15980E-01  1.20040E+00  1.15035E+01  5.39440E+01  6.89215E+02
  5.10980E-01  1.18813E+00  1.15108E+01  5.32418E+01  7.35373E+02
  5.05980E-01  1.17570E+00  1.15177E+01  5.25306E+01  7.85592E+02
  5.00980E-01  1.16311E+00  1.15247E+01  5.18106E+01  8.40007E+02
  4.95980E-01  1.15037E+00  1.15313E+01  5.10818E+01  8.99193E+02
  4.90980E-01  1.13747E+00  1.15379E+01  5.03446E+01  9.63656E+02
  4.85980E-01  1.12441E+00  1.15443E+01  4.95992E+01  1.03379E+03
  4.80980E-01  1.11120E+00  1.15506E+01  4.88457E+01  1.11044E+03
  4.75980E-01  1.09784E+00  1.15567E+01  4.80846E+01  1.19416E+03
  4.70980E-01  1.08433E+00  1.15627E+01  4.73160E+01  1.28580E+03
  4.65980E-01  1.07068E+00  1.15685E+01  4.65402E+01  1.38602E+03
  4.60980E-01  1.05687E+00  1.15740E+01  4.57576E+01  1.49614E+03
  4.55980E-01  1.04293E+00  1.15797E+01  4.49685E+01  1.61697E+03
  4.50980E-01  1.02884E+00  1.15851E+01  4.41731E+01  1.75013E+03
  4.45980E-01  1.01462E+00  1.15905E+01  4.33719E+01  1.89622E+03
  4.40980E-01  1.00026E+00  1.15957E+01  4.25652E+01  2.05759E+03
  4.35980E-01  9.85767E-01  1.16007E+01  4.17535E+01  2.23596E+03
  4.30980E-01  9.71149E-01  1.16059E+01  4.09371E+01  2.43267E+03
  4.25980E-01  9.56408E-01  1.16107E+01  4.01164E+01  2.65154E+03
  4.20980E-01  9.41547E-01  1.16157E+01  3.92920E+01  2.89365E+03
  4.15980E-01  9.26570E-01  1.16205E+01  3.84642E+01  3.16259E+03
  4.10980E-01  9.11481E-01  1.16251E+01  3.76335E+01  3.46256E+03
  4.05980E-01  8.96287E-01  1.16301E+01  3.68004E+01  3.79702E+03
  4.00980E-01  8.80992E-01  1.16349E+01  3.59654E+01  4.16927E+03
  3.95980E-01  8.65601E-01  1.16396E+01  3.51289E+01  4.58694E+03
  3.90980E-01  8.50119E-01  1.16447E+01  3.42916E+01  5.05520E+03
  3.85980E-01  8.34554E-01  1.16497E+01  3.34541E+01  5.57888E+03
  3.80980E-01  8.18908E-01  1.16547E+01  3.26166E+01  6.17030E+03
  3.75980E-01  8.03191E-01  1.16602E+01  3.17799E+01  6.83514E+03
  3.70980E-01  7.87408E-01  1.16656E+01  3.09446E+01  7.58593E+03
  3.65980E-01  7.71566E-01  1.16714E+01  3.01111E+01  8.43552E+03
  3.60980E-01  7.55672E-01  1.16773E+01  2.92801E+01  9.39961E+03
  3.55980E-01  7.39733E-01  1.16838E+01  2.84523E+01  1.04928E+04
  3.50980E-01  7.23758E-01  1.16907E+01  2.76281E+01  1.17378E+04
  3.45980E-01  7.07754E-01  1.16981E+01  2.68082E+01  1.31578E+04
  3.40980E-01  6.91729E-01  1.17057E+01  2.59932E+01  1.47837E+04
  3.35980E-01  6.75691E-01  1.17142E+01  2.51838E+01  1.66444E+04
  3.30980E-01  6.59649E-01  1.17236E+01  2.43805E+01  1.87807E+04
  3.25980E-01  6.43612E-01  1.17338E+01  2.35839E+01  2.12420E+04
  3.20980E-01  6.27588E-01  1.17449E+01  2.27947E+01  2.40793E+04
  3.15980E-01  6.11589E-01  1.17570E+01  2.20136E+01  2.73671E+04
  3.10980E-01  5.95621E-01  1.17703E+01  2.12410E+01  3.11825E+04
  3.05980E-01  5.79694E-01  1.17847E+01  2.04775E+01  3.56161E+04
  3.00980E-01  5.63821E-01  1.18010E+01  1.97239E+01  4.07905E+04
  2.95980E-01  5.48010E-01  1.18190E+01  1.89808E+01  4.68400E+04
  2.90980E-01  5.32272E-01  1.18392E+01  1.82486E+01  5.39319E+04
  2.85980E-01  5.16616E-01  1.18610E+01  1.75279E+01  6.22795E+04
  2.80980E-01  5.01054E-01  1.18857E+01  1.68194E+01  7.21455E+04
  2.75980E-01  4.85596E-01  1.19128E+01  1.61236E+01  8.37935E+04
  2.70980E-01  4.70257E-01  1.19432E+01  1.54411E+01  9.76102E+04
  2.65980E-01  4.55040E-01  1.19768E+01  1.47721E+01  1.14101E+05
  2.60980E-01  4.39962E-01  1.20143E+01  1.41174E+01  1.33866E+05
  2.55980E-01  4.25032E-01  1.20555E+01  1.34774E+01  1.57539E+05
  2.50980E-01  4.10262E-01  1.21021E+01  1.28526E+01  1.85948E+05
  2.45980E-01  3.95663E-01  1.21539E+01  1.22433E+01  2.20403E+05
  2.40980E-01  3.81246E-01  1.22125E+01  1.16500E+01  2.62151E+05
  2.35980E-01  3.67023E-01  1.22774E+01  1.10731E+01  3.12943E+05
  2.30980E-01  3.53005E-01  1.23501E+01  1.05128E+01  3.74905E+05
  2.25980E-01  3.39204E-01  1.24316E+01  9.96973E+00  4.51306E+05
  2.20980E-01  3.25630E-01  1.25220E+01  9.44392E+00  5.45231E+05
  2.15980E-01  3.12296E-01  1.26252E+01  8.93573E+00  6.61515E+05
  2.10980E-01  2.99211E-01  1.27404E+01  8.44535E+00  8.06145E+05
  2.05980E-01  2.86388E-01  1.28707E+01  7.97313E+00  9.86985E+05
  2.00980E-01  2.73836E-01  1.30176E+01  7.51903E+00  1.21382E+06
  1.95980E-01  2.61567E-01  1.31839E+01  7.08337E+00  1.50040E+06
  1.90980E-01  2.49590E-01  1.33714E+01  6.66609E+00  1.86326E+06
  1.85980E-01  2.37919E-01  1.35879E+01  6.26755E+00  2.32597E+06
  1.80980E-01  2.26560E-01  1.38321E+01  5.88750E+00  2.91976E+06
  1.75980E-01  2.15525E-01  1.41142E+01  5.52615E+00  3.68342E+06
  1.70980E-01  2.04824E-01  1.44362E+01  5.18341E+00  4.67311E+06
  1.65980E-01  1.94466E-01  1.48122E+01  4.85942E+00  5.96162E+06
  1.60980E-01  1.84460E-01  1.52470E+01  4.55405E+00  7.65691E+06
  1.55980E-01  1.74817E-01  1.57537E+01  4.26733E+00  9.89462E+06
  1.50980E-01  1.65546E-01  1.63541E+01  3.99937E+00  1.28681E+07
  1.45980E-01  1.56653E-01  1.70638E+01  3.74996E+00  1.68470E+07
  1.40980E-01  1.48151E-01  1.79150E+01  3.51937E+00  2.22366E+07
  1.35980E-01  1.40048E-01  1.89460E+01  3.30774E+00  2.95933E+07
  1.30980E-01  1.32354E-01  2.02100E+01  3.11549E+00  3.97463E+07
  1.25980E-01  1.25080E-01  2.17840E+01  2.94324E+00  5.40502E+07
  1.20980E-01  1.18237E-01  2.37784E+01  2.79204E+00  7.46615E+07
  1.15980E-01  1.11840E-01  2.63669E+01  2.66387E+00  1.05735E+08
  1.10980E-01  1.05902E-01  2.98201E+01  2.56199E+00  1.56441E+08
  1.05980E-01  1.00445E-01  3.45805E+01  2.49258E+00  2.51260E+08
  1.00980E-01  9.55023E-02  4.14986E+01  2.46974E+00  4.77493E+08
  9.59800E-02  9.11122E-02  5.21492E+01  2.52438E+00  1.25319E+09
  9.09801E-02  8.73671E-02  7.04602E+01  2.75732E+00  5.70907E+09
  8.59801E-02  8.44387E-02  1.07105E+02  3.59220E+00  5.92054E+10
  8.09801E-02  8.29780E-02  1.90768E+02  7.64785E+00  1.71392E+12
