  1.13598E+00  2.04351E+00  1.04634E+01  1.00683E+02  6.92947E+00
  1.13098E+00  2.04351E+00  1.04746E+01  1.00848E+02  7.00983E+00
  1.12598E+00  2.04348E+00  1.04858E+01  1.01012E+02  7.09228E+00
  1.12098E+00  2.04342E+00  1.04970E+01  1.01175E+02  7.17632E+00
  1.11598E+00  2.04334E+00  1.05083E+01  1.01336E+02  7.26248E+00
  1.11098E+00  2.04323E+00  1.05196E+01  1.01495E+02  7.35105E+00
  1.10598E+00  2.04309E+00  1.05310E+01  1.01654E+02  7.44106E+00
  1.10098E+00  2.04292E+00  1.05424E+01  1.01810E+02  7.53379E+00
  1.09598E+00  2.04272E+00  1.05539E+01  1.01965E+02  7.62840E+00
  1.09098E+00  2.04249E+00  1.05654E+01  1.02118E+02  7.72538E+00
  1.08598E+00  2.04223E+00  1.05770E+01  1.02269E+02  7.82522E+00
  1.08098E+00  2.04193E+00  1.05886E+01  1.02419E+02  7.92697E+00
  1.07598E+00  2.04161E+00  1.06003E+01  1.02566E+02  8.03184E+00
  1.07098E+00  2.04124E+00  1.06120E+01  1.02712E+02  8.13889E+00
  1.06598E+00  2.04085E+00  1.06238E+01  1.02855E+02  8.24879E+00
  1.06098E+00  2.04042E+00  1.06356E+01  1.02997E+02  8.36200E+00
  1.05598E+00  2.03995E+00  1.06475E+01  1.03136E+02  8.47732E+00
  1.05098E+00  2.03945E+00  1.06594E+01  1.03273E+02  8.59621E+00
  1.04598E+00  2.03891E+00  1.06714E+01  1.03408E+02  8.71795E+00
  1.04098E+00  2.03833E+00  1.06834E+01  1.03540E+02  8.84321E+00
  1.03598E+00  2.03771E+00  1.06955E+01  1.03670E+02  8.97163E+00
  1.03098E+00  2.03705E+00  1.07077E+01  1.03798E+02  9.10354E+00
  1.02598E+00  2.03635E+00  1.07198E+01  1.03922E+02  9.23920E+00
  1.02098E+00  2.03561E+00  1.07321E+01  1.04044E+02  9.37847E+00
  1.01598E+00  2.03482E+00  1.07443E+01  1.04164E+02  9.52225E+00
  1.01098E+00  2.03400E+00  1.07567E+01  1.04280E+02  9.66892E+00
  1.00598E+00  2.03312E+00  1.07690E+01  1.04393E+02  9.82056E+00
  1.00098E+00  2.03220E+00  1.07815E+01  1.04504E+02  9.97595E+00
  9.95980E-01  2.03124E+00  1.07939E+01  1.04611E+02  1.01358E+01
  9.90980E-01  2.03023E+00  1.08065E+01  1.04715E+02  1.03009E+01
  9.85980E-01  2.02916E+00  1.08191E+01  1.04816E+02  1.04704E+01
  9.80980E-01  2.02805E+00  1.08317E+01  1.04913E+02  1.06451E+01
  9.75980E-01  2.02689E+00  1.08444E+01  1.05007E+02  1.08247E+01
  9.70980E-01  2.02568E+00  1.08571E+01  1.05097E+02  1.10107E+01
  9.65980E-01  2.02441E+00  1.08699E+01  1.05183E+02  1.12009E+01
  9.60980E-01  2.02309E+00  1.08827E+01  1.05266E+02  1.13983E+01
  9.55980E-01  2.02171E+00  1.08956E+01  1.05344E+02  1.16003E+01
  9.50980E-01  2.02028E+00  1.09085E+01  1.05419E+02  1.18100E+01
  9.45980E-01  2.01878E+00  1.09215E+01  1.05489E+02  1.20249E+01
  9.40980E-01  2.01723E+00  1.09345E+01  1.05555E+02  1.22482E+01
  9.35980E-01  2.01562E+00  1.09475E+01  1.05616E+02  1.24771E+01
  9.30980E-01  2.01395E+00  1.09606E+01  1.05673E+02  1.27146E+01
  9.25980E-01  2.01221E+00  1.09738E+01  1.05726E+02  1.29589E+01
  9.20980E-01  2.01041E+00  1.09870E+01  1.05773E+02  1.32121E+01
  9.15980E-01  2.00854E+00  1.10003E+01  1.05816E+02  1.34728E+01
  9.10980E-01  2.00661E+00  1.10136E+01  1.05853E+02  1.37436E+01
  9.05980E-01  2.00460E+00  1.10269E+01  1.05885E+02  1.40219E+01
  9.00980E-01  2.00253E+00  1.10403E+01  1.05912E+02  1.43116E+01
  8.95980E-01  2.00038E+00  1.10538E+01  1.05934E+02  1.46094E+01
  8.90980E-01  1.99816E+00  1.10672E+01  1.05949E+02  1.49194E+01
  8.85980E-01  1.99587E+00  1.10808E+01  1.05959E+02  1.52384E+01
  8.80980E-01  1.99350E+00  1.10943E+01  1.05963E+02  1.55699E+01
  8.75980E-01  1.99105E+00  1.11079E+01  1.05961E+02  1.59128E+01
  8.70980E-01  1.98852E+00  1.11216E+01  1.05953E+02  1.62688E+01
  8.65980E-01  1.98591E+00  1.11353E+01  1.05938E+02  1.66374E+01
  8.60980E-01  1.98321E+00  1.11490E+01  1.05917E+02  1.70200E+01
  8.55980E-01  1.98043E+00  1.11627E+01  1.05889E+02  1.74168E+01
  8.50980E-01  1.97757E+00  1.11765E+01  1.05854E+02  1.78285E+01
  8.45980E-01  1.97461E+00  1.11903E+01  1.05812E+02  1.82565E+01
  8.40980E-01  1.97157E+00  1.12042E+01  1.05763E+02  1.86995E+01
  8.35980E-01  1.96843E+00  1.12181E+01  1.05706E+02  1.91619E+01
  8.30980E-01  1.96520E+00  1.12321E+01  1.05641E+02  1.96399E+01
  8.25980E-01  1.96187E+00  1.12460E+01  1.05569E+02  2.01384E+01
  8.20980E-01  1.95844E+00  1.12600E+01  1.05489E+02  2.06568E+01
  8.15980E-01  1.95491E+00  1.12740E+01  1.05401E+02  2.11962E+01
  8.10980E-01  1.95128E+00  1.12880E+01  1.05304E+02  2.17583E+01
  8.05980E-01  1.94755E+00  1.13022E+01  1.05199E+02  2.23421E+01
  8.00980E-01  1.94371E+00  1.13162E+01  1.05084E+02  2.29517E+01
  7.95980E-01  1.93976E+00  1.13304E+01  1.04961E+02  2.35863E+01
  7.90980E-01  1.93570E+00  1.13445E+01  1.04829E+02  2.42489E+01
  7.85980E-01  1.93153E+00  1.13586E+01  1.04688E+02  2.49415E+01
  7.80980E-01  1.92724E+00  1.13728E+01  1.04536E+02  2.56613E+01
  7.75980E-01  1.92283E+00  1.13869E+01  1.04375E+02  2.64139E+01
  7.70980E-01  1.91830E+00  1.14012E+01  1.04205E+02  2.72009E+01
  7.65980E-01  1.91365E+00  1.14154E+01  1.04023E+02  2.80223E+01
  7.60980E-01  1.90888E+00  1.14296E+01  1.03832E+02  2.88820E+01
  7.55980E-01  1.90398E+00  1.14438E+01  1.03630E+02  2.97812E+01
  7.50980E-01  1.89895E+00  1.14580E+01  1.03417E+02  3.07225E+01
  7.45980E-01  1.89379E+00  1.14722E+01  1.03193E+02  3.17083E+01
  7.40980E-01  1.88850E+00  1.14864E+01  1.02957E+02  3.27399E+01
  7.35980E-01  1.88306E+00  1.15007E+01  1.02710E+02  3.38230E+01
  7.30980E-01  1.87749E+00  1.15148E+01  1.02452E+02  3.49588E+01
  7.25980E-01  1.87178E+00  1.15290E+01  1.02181E+02  3.61509E+01
  7.20980E-01  1.86592E+00  1.15433E+01  1.01898E+02  3.74014E+01
  7.15980E-01  1.85992E+00  1.15574E+01  1.01603E+02  3.87153E+01
  7.10980E-01  1.85377E+00  1.15715E+01  1.01295E+02  4.00994E+01
  7.05980E-01  1.84747E+00  1.15857E+01  1.00975E+02  4.15490E+01
  7.00980E-01  1.84101E+00  1.15997E+01  1.00641E+02  4.30786E+01
  6.95980E-01  1.83439E+00  1.16138E+01  1.00294E+02  4.46910E+01
  6.90980E-01  1.82762E+00  1.16278E+01  9.99335E+01  4.63854E+01
  6.85980E-01  1.82068E+00  1.16418E+01  9.95594E+01  4.81704E+01
  6.80980E-01  1.81358E+00  1.16558E+01  9.91714E+01  5.00562E+01
  6.75980E-01  1.80631E+00  1.16697E+01  9.87692E+01  5.20491E+01
  6.70980E-01  1.79887E+00  1.16835E+01  9.83527E+01  5.41497E+01
  6.65980E-01  1.79126E+00  1.16973E+01  9.79217E+01  5.63712E+01
  6.60980E-01  1.78348E+00  1.17111E+01  9.74759E+01  5.87199E+01
  6.55980E-01  1.77551E+00  1.17248E+01  9.70152E+01  6.12061E+01
  6.50980E-01  1.76737E+00  1.17384E+01  9.65395E+01  6.38422E+01
  6.45980E-01  1.75905E+00  1.17519E+01  9.60485E+01  6.66266E+01
  6.40980E-01  1.75054E+00  1.17654E+01  9.55421E+01  6.95844E+01
  6.35980E-01  1.74184E+00  1.17788E+01  9.50199E+01  7.27236E+01
  6.30980E-01  1.73295E+00  1.17921E+01  9.44819E+01  7.60565E+01
  6.25980E-01  1.72387E+00  1.18053E+01  9.39281E+01  7.96037E+01
  6.20980E-01  1.71459E+00  1.18184E+01  9.33579E+01  8.33669E+01
  6.15980E-01  1.70512E+00  1.18314E+01  9.27716E+01  8.73764E+01
  6.10980E-01  1.69545E+00  1.18444E+01  9.21689E+01  9.16437E+01
  6.05980E-01  1.68557E+00  1.18572E+01  9.15497E+01  9.61952E+01
  6.00980E-01  1.67550E+00  1.18699E+01  9.09140E+01  1.01050E+02
  5.95980E-01  1.66522E+00  1.18825E+01  9.02614E+01  1.06245E+02
  5.90980E-01  1.65472E+00  1.18949E+01  8.95920E+01  1.11783E+02
  5.85980E-01  1.64402E+00  1.19072E+01  8.89058E+01  1.17709E+02
  5.80980E-01  1.63311E+00  1.19194E+01  8.82027E+01  1.24047E+02
  5.75980E-01  1.62199E+00  1.19315E+01  8.74825E+01  1.30837E+02
  5.70980E-01  1.61065E+00  1.19434E+01  8.67451E+01  1.38124E+02
  5.65980E-01  1.59909E+00  1.19552E+01  8.59909E+01  1.45935E+02
  5.60980E-01  1.58731E+00  1.19667E+01  8.52195E+01  1.54335E+02
  5.55980E-01  1.57532E+00  1.19782E+01  8.44313E+01  1.63364E+02
  5.50980E-01  1.56311E+00  1.19894E+01  8.36257E+01  1.73086E+02
  5.45980E-01  1.55067E+00  1.20005E+01  8.28033E+01  1.83553E+02
  5.40980E-01  1.53801E+00  1.20114E+01  8.19640E+01  1.94841E+02
  5.35980E-01  1.52513E+00  1.20221E+01  8.11078E+01  2.07032E+02
  5.30980E-01  1.51202E+00  1.20327E+01  8.02348E+01  2.20202E+02
  5.25980E-01  1.49869E+00  1.20430E+01  7.93452E+01  2.34443E+02
  5.20980E-01  1.48513E+00  1.20531E+01  7.84393E+01  2.49869E+02
  5.15980E-01  1.47135E+00  1.20631E+01  7.75169E+01  2.66590E+02
  5.10980E-01  1.45734E+00  1.20727E+01  7.65785E+01  2.84747E+02
  5.05980E-01  1.44311E+00  1.20823E+01  7.56242E+01  3.04441E+02
  5.00980E-01  1.42865E+00  1.20916E+01  7.46542E+01  3.25897E+02
  4.95980E-01  1.41397E+00  1.21006E+01  7.36688E+01  3.49264E+02
  4.90980E-01  1.39906E+00  1.21094E+01  7.26682E+01  3.74751E+02
  4.85980E-01  1.38394E+00  1.21181E+01  7.16528E+01  4.02528E+02
  4.80980E-01  1.36859E+00  1.21265E+01  7.06229E+01  4.32880E+02
  4.75980E-01  1.35302E+00  1.21347E+01  6.95789E+01  4.66131E+02
  4.70980E-01  1.33724E+00  1.21426E+01  6.85212E+01  5.02543E+02
  4.65980E-01  1.32124E+00  1.21503E+01  6.74502E+01  5.42508E+02
  4.60980E-01  1.30503E+00  1.21577E+01  6.63662E+01  5.86476E+02
  4.55980E-01  1.28860E+00  1.21649E+01  6.52699E+01  6.34760E+02
  4.50980E-01  1.27197E+00  1.21720E+01  6.41617E+01  6.87969E+02
  4.45980E-01  1.25514E+00  1.21787E+01  6.30420E+01  7.46705E+02
  4.40980E-01  1.23810E+00  1.21852E+01  6.19116E+01  8.11640E+02
  4.35980E-01  1.22087E+00  1.21915E+01  6.07708E+01  8.83463E+02
  4.30980E-01  1.20344E+00  1.21976E+01  5.96205E+01  9.63013E+02
  4.25980E-01  1.18583E+00  1.22034E+01  5.84611E+01  1.05137E+03
  4.20980E-01  1.16803E+00  1.22091E+01  5.72934E+01  1.14967E+03
  4.15980E-01  1.15006E+00  1.22146E+01  5.61180E+01  1.25890E+03
  4.10980E-01  1.13191E+00  1.22198E+01  5.49357E+01  1.38094E+03
  4.05980E-01  1.11359E+00  1.22250E+01  5.37472E+01  1.51737E+03
  4.00980E-01  1.09511E+00  1.22300E+01  5.25533E+01  1.66979E+03
  3.95980E-01  1.07648E+00  1.22348E+01  5.13549E+01  1.84090E+03
  3.90980E-01  1.05770E+00  1.22395E+01  5.01525E+01  2.03297E+03
  3.85980E-01  1.03879E+00  1.22442E+01  4.89472E+01  2.24913E+03
  3.80980E-01  1.01974E+00  1.22485E+01  4.77398E+01  2.49319E+03
  3.75980E-01  1.00056E+00  1.22531E+01  4.65313E+01  2.76829E+03
  3.70980E-01  9.81270E-01  1.22575E+01  4.53224E+01  3.08052E+03
  3.65980E-01  9.61872E-01  1.22622E+01  4.41140E+01  3.43354E+03
  3.60980E-01  9.42378E-01  1.22666E+01  4.29074E+01  3.83575E+03
  3.55980E-01  9.22794E-01  1.22712E+01  4.17032E+01  4.29332E+03
  3.50980E-01  9.03135E-01  1.22762E+01  4.05026E+01  4.81549E+03
  3.45980E-01  8.83408E-01  1.22812E+01  3.93064E+01  5.41337E+03
  3.40980E-01  8.63623E-01  1.22866E+01  3.81156E+01  6.09838E+03
  3.35980E-01  8.43795E-01  1.22921E+01  3.69314E+01  6.88606E+03
  3.30980E-01  8.23932E-01  1.22982E+01  3.57547E+01  7.79403E+03
  3.25980E-01  8.04047E-01  1.23049E+01  3.45865E+01  8.84094E+03
  3.20980E-01  7.84154E-01  1.23121E+01  3.34278E+01  1.00546E+04
  3.15980E-01  7.64263E-01  1.23199E+01  3.22797E+01  1.14634E+04
  3.10980E-01  7.44387E-01  1.23287E+01  3.11430E+01  1.31022E+04
  3.05980E-01  7.24543E-01  1.23385E+01  3.00190E+01  1.50133E+04
  3.00980E-01  7.04740E-01  1.23493E+01  2.89084E+01  1.72526E+04
  2.95980E-01  6.84994E-01  1.23613E+01  2.78124E+01  1.98793E+04
  2.90980E-01  6.65321E-01  1.23747E+01  2.67319E+01  2.29718E+04
  2.85980E-01  6.45733E-01  1.23898E+01  2.56679E+01  2.66218E+04
  2.80980E-01  6.26246E-01  1.24068E+01  2.46213E+01  3.09427E+04
  2.75980E-01  6.06871E-01  1.24259E+01  2.35928E+01  3.60837E+04
  2.70980E-01  5.87631E-01  1.24474E+01  2.25838E+01  4.21968E+04
  2.65980E-01  5.68533E-01  1.24717E+01  2.15945E+01  4.95142E+04
  2.60980E-01  5.49596E-01  1.24990E+01  2.06261E+01  5.82932E+04
  2.55980E-01  5.30838E-01  1.25296E+01  1.96796E+01  6.88639E+04
  2.50980E-01  5.12269E-01  1.25639E+01  1.87552E+01  8.16477E+04
  2.45980E-01  4.93909E-01  1.26032E+01  1.78539E+01  9.71369E+04
  2.40980E-01  4.75772E-01  1.26473E+01  1.69766E+01  1.16037E+05
  2.35980E-01  4.57874E-01  1.26966E+01  1.61234E+01  1.39057E+05
  2.30980E-01  4.40230E-01  1.27525E+01  1.52953E+01  1.67403E+05
  2.25980E-01  4.22858E-01  1.28155E+01  1.44927E+01  2.02265E+05
  2.20980E-01  4.05771E-01  1.28867E+01  1.37160E+01  2.45395E+05
  2.15980E-01  3.88986E-01  1.29666E+01  1.29658E+01  2.99110E+05
  2.10980E-01  3.72517E-01  1.30578E+01  1.22423E+01  3.66021E+05
  2.05980E-01  3.56379E-01  1.31604E+01  1.15458E+01  4.50009E+05
  2.00980E-01  3.40586E-01  1.32763E+01  1.08765E+01  5.55858E+05
  1.95980E-01  3.25155E-01  1.34087E+01  1.02349E+01  6.89918E+05
  1.90980E-01  3.10096E-01  1.35586E+01  9.62076E+00  8.60138E+05
  1.85980E-01  2.95425E-01  1.37295E+01  9.03441E+00  1.07815E+06
  1.80980E-01  2.81155E-01  1.39241E+01  8.47577E+00  1.35821E+06
  1.75980E-01  2.67299E-01  1.41463E+01  7.94484E+00  1.72017E+06
  1.70980E-01  2.53867E-01  1.44011E+01  7.44148E+00  2.19024E+06
  1.65980E-01  2.40872E-01  1.46936E+01  6.96564E+00  2.80421E+06
  1.60980E-01  2.28328E-01  1.50324E+01  6.51724E+00  3.61133E+06
  1.55980E-01  2.16241E-01  1.54235E+01  6.09592E+00  4.67762E+06
  1.50980E-01  2.04625E-01  1.58816E+01  5.70163E+00  6.09303E+06
  1.45980E-01  1.93486E-01  1.64144E+01  5.33395E+00  7.98710E+06
  1.40980E-01  1.82835E-01  1.70457E+01  4.99284E+00  1.05360E+07
  1.35980E-01  1.72681E-01  1.77939E+01  4.67807E+00  1.39872E+07
  1.30980E-01  1.63033E-01  1.86888E+01  4.38954E+00  1.87004E+07
  1.25980E-01  1.53896E-01  1.97701E+01  4.12722E+00  2.51836E+07
  1.20980E-01  1.45280E-01  2.10892E+01  3.89128E+00  3.42015E+07
  1.15980E-01  1.37192E-01  2.27248E+01  3.68232E+00  4.69343E+07
  1.10980E-01  1.29642E-01  2.47816E+01  3.50133E+00  6.52759E+07
  1.05980E-01  1.22637E-01  2.74235E+01  3.35008E+00  9.26960E+07
  1.00980E-01  1.16191E-01  3.09001E+01  3.23231E+00  1.36309E+08
  9.59800E-02  1.10318E-01  3.56055E+01  3.15457E+00  2.14311E+08
  9.09800E-02  1.05039E-01  4.22154E+01  3.12987E+00  3.84603E+08
  8.59800E-02  1.00392E-01  5.19851E+01  3.18796E+00  8.88331E+08
  8.09800E-02  9.67454E-02  6.60359E+01  3.38497E+00  2.78690E+09
