  1.18098E+00  2.07316E+00  1.00906E+01  9.92590E+01  4.44601E+00
  1.17598E+00  2.07316E+00  1.01032E+01  9.94352E+01  4.50913E+00
  1.17098E+00  2.07313E+00  1.01159E+01  9.96098E+01  4.57383E+00
  1.16598E+00  2.07306E+00  1.01286E+01  9.97827E+01  4.64000E+00
  1.16098E+00  2.07297E+00  1.01413E+01  9.99538E+01  4.70791E+00
  1.15598E+00  2.07284E+00  1.01541E+01  1.00123E+02  4.77758E+00
  1.15098E+00  2.07268E+00  1.01669E+01  1.00291E+02  4.84900E+00
  1.14598E+00  2.07249E+00  1.01798E+01  1.00456E+02  4.92207E+00
  1.14098E+00  2.07226E+00  1.01927E+01  1.00619E+02  4.99727E+00
  1.13598E+00  2.07200E+00  1.02057E+01  1.00781E+02  5.07423E+00
  1.13098E+00  2.07170E+00  1.02186E+01  1.00940E+02  5.15322E+00
  1.12598E+00  2.07136E+00  1.02317E+01  1.01097E+02  5.23396E+00
  1.12098E+00  2.07099E+00  1.02448E+01  1.01252E+02  5.31714E+00
  1.11598E+00  2.07058E+00  1.02579E+01  1.01404E+02  5.40250E+00
  1.11098E+00  2.07013E+00  1.02711E+01  1.01554E+02  5.49012E+00
  1.10598E+00  2.06964E+00  1.02843E+01  1.01702E+02  5.57984E+00
  1.10098E+00  2.06912E+00  1.02975E+01  1.01846E+02  5.67225E+00
  1.09598E+00  2.06855E+00  1.03108E+01  1.01989E+02  5.76701E+00
  1.09098E+00  2.06793E+00  1.03241E+01  1.02128E+02  5.86444E+00
  1.08598E+00  2.06728E+00  1.03375E+01  1.02265E+02  5.96432E+00
  1.08098E+00  2.06658E+00  1.03509E+01  1.02398E+02  6.06703E+00
  1.07598E+00  2.06584E+00  1.03643E+01  1.02529E+02  6.17314E+00
  1.07098E+00  2.06505E+00  1.03777E+01  1.02656E+02  6.28149E+00
  1.06598E+00  2.06422E+00  1.03911E+01  1.02779E+02  6.39189E+00
  1.06098E+00  2.06335E+00  1.04044E+01  1.02898E+02  6.50500E+00
  1.05598E+00  2.06244E+00  1.04178E+01  1.03014E+02  6.62106E+00
  1.05098E+00  2.06148E+00  1.04311E+01  1.03126E+02  6.74026E+00
  1.04598E+00  2.06047E+00  1.04445E+01  1.03234E+02  6.86252E+00
  1.04098E+00  2.05942E+00  1.04579E+01  1.03339E+02  6.98834E+00
  1.03598E+00  2.05831E+00  1.04713E+01  1.03440E+02  7.11788E+00
  1.03098E+00  2.05715E+00  1.04847E+01  1.03537E+02  7.25106E+00
  1.02598E+00  2.05594E+00  1.04981E+01  1.03630E+02  7.38778E+00
  1.02098E+00  2.05468E+00  1.05116E+01  1.03719E+02  7.52891E+00
  1.01598E+00  2.05337E+00  1.05251E+01  1.03804E+02  7.67393E+00
  1.01098E+00  2.05200E+00  1.05386E+01  1.03885E+02  7.82331E+00
  1.00598E+00  2.05058E+00  1.05521E+01  1.03961E+02  7.97660E+00
  1.00098E+00  2.04909E+00  1.05656E+01  1.04033E+02  8.13527E+00
  9.95980E-01  2.04756E+00  1.05792E+01  1.04101E+02  8.29844E+00
  9.90980E-01  2.04596E+00  1.05928E+01  1.04164E+02  8.46677E+00
  9.85980E-01  2.04430E+00  1.06064E+01  1.04222E+02  8.64028E+00
  9.80980E-01  2.04258E+00  1.06200E+01  1.04276E+02  8.81919E+00
  9.75980E-01  2.04080E+00  1.06336E+01  1.04324E+02  9.00375E+00
  9.70980E-01  2.03896E+00  1.06473E+01  1.04368E+02  9.19423E+00
  9.65980E-01  2.03705E+00  1.06610E+01  1.04407E+02  9.39054E+00
  9.60980E-01  2.03507E+00  1.06746E+01  1.04440E+02  9.59433E+00
  9.55980E-01  2.03303E+00  1.06884E+01  1.04468E+02  9.80379E+00
  9.50980E-01  2.03092E+00  1.07021E+01  1.04490E+02  1.00201E+01
  9.45980E-01  2.02874E+00  1.07159E+01  1.04507E+02  1.02446E+01
  9.40980E-01  2.02649E+00  1.07296E+01  1.04519E+02  1.04762E+01
  9.35980E-01  2.02416E+00  1.07434E+01  1.04524E+02  1.07160E+01
  9.30980E-01  2.02176E+00  1.07572E+01  1.04524E+02  1.09635E+01
  9.25980E-01  2.01929E+00  1.07710E+01  1.04517E+02  1.12208E+01
  9.20980E-01  2.01673E+00  1.07849E+01  1.04504E+02  1.14862E+01
  9.15980E-01  2.01410E+00  1.07988E+01  1.04485E+02  1.17613E+01
  9.10980E-01  2.01139E+00  1.08127E+01  1.04460E+02  1.20470E+01
  9.05980E-01  2.00860E+00  1.08266E+01  1.04427E+02  1.23426E+01
  9.00980E-01  2.00572E+00  1.08405E+01  1.04388E+02  1.26495E+01
  8.95980E-01  2.00276E+00  1.08544E+01  1.04343E+02  1.29669E+01
  8.90980E-01  1.99971E+00  1.08684E+01  1.04290E+02  1.32980E+01
  8.85980E-01  1.99657E+00  1.08823E+01  1.04230E+02  1.36402E+01
  8.80980E-01  1.99334E+00  1.08963E+01  1.04162E+02  1.39955E+01
  8.75980E-01  1.99002E+00  1.09103E+01  1.04087E+02  1.43657E+01
  8.70980E-01  1.98660E+00  1.09243E+01  1.04005E+02  1.47499E+01
  8.65980E-01  1.98309E+00  1.09383E+01  1.03914E+02  1.51494E+01
  8.60980E-01  1.97949E+00  1.09523E+01  1.03816E+02  1.55648E+01
  8.55980E-01  1.97578E+00  1.09664E+01  1.03709E+02  1.59971E+01
  8.50980E-01  1.97197E+00  1.09804E+01  1.03594E+02  1.64474E+01
  8.45980E-01  1.96806E+00  1.09944E+01  1.03471E+02  1.69164E+01
  8.40980E-01  1.96405E+00  1.10085E+01  1.03339E+02  1.74047E+01
  8.35980E-01  1.95993E+00  1.10225E+01  1.03199E+02  1.79138E+01
  8.30980E-01  1.95570E+00  1.10366E+01  1.03049E+02  1.84434E+01
  8.25980E-01  1.95136E+00  1.10506E+01  1.02890E+02  1.89974E+01
  8.20980E-01  1.94691E+00  1.10647E+01  1.02722E+02  1.95749E+01
  8.15980E-01  1.94234E+00  1.10787E+01  1.02544E+02  2.01781E+01
  8.10980E-01  1.93766E+00  1.10927E+01  1.02357E+02  2.08080E+01
  8.05980E-01  1.93286E+00  1.11067E+01  1.02160E+02  2.14663E+01
  8.00980E-01  1.92793E+00  1.11208E+01  1.01953E+02  2.21531E+01
  7.95980E-01  1.92289E+00  1.11348E+01  1.01736E+02  2.28742E+01
  7.90980E-01  1.91772E+00  1.11487E+01  1.01508E+02  2.36256E+01
  7.85980E-01  1.91243E+00  1.11627E+01  1.01270E+02  2.44140E+01
  7.80980E-01  1.90700E+00  1.11766E+01  1.01022E+02  2.52393E+01
  7.75980E-01  1.90145E+00  1.11905E+01  1.00762E+02  2.61040E+01
  7.70980E-01  1.89576E+00  1.12044E+01  1.00491E+02  2.70085E+01
  7.65980E-01  1.88994E+00  1.12183E+01  1.00210E+02  2.79596E+01
  7.60980E-01  1.88399E+00  1.12321E+01  9.99164E+01  2.89570E+01
  7.55980E-01  1.87789E+00  1.12459E+01  9.96117E+01  3.00045E+01
  7.50980E-01  1.87165E+00  1.12597E+01  9.92953E+01  3.11038E+01
  7.45980E-01  1.86527E+00  1.12734E+01  9.89670E+01  3.22592E+01
  7.40980E-01  1.85875E+00  1.12871E+01  9.86266E+01  3.34731E+01
  7.35980E-01  1.85208E+00  1.13007E+01  9.82742E+01  3.47519E+01
  7.30980E-01  1.84526E+00  1.13142E+01  9.79092E+01  3.60958E+01
  7.25980E-01  1.83829E+00  1.13277E+01  9.75319E+01  3.75143E+01
  7.20980E-01  1.83117E+00  1.13412E+01  9.71419E+01  3.90074E+01
  7.15980E-01  1.82389E+00  1.13546E+01  9.67391E+01  4.05787E+01
  7.10980E-01  1.81645E+00  1.13680E+01  9.63232E+01  4.22386E+01
  7.05980E-01  1.80886E+00  1.13812E+01  9.58944E+01  4.39900E+01
  7.00980E-01  1.80111E+00  1.13943E+01  9.54524E+01  4.58411E+01
  6.95980E-01  1.79319E+00  1.14075E+01  9.49968E+01  4.77972E+01
  6.90980E-01  1.78511E+00  1.14205E+01  9.45279E+01  4.98604E+01
  6.85980E-01  1.77686E+00  1.14335E+01  9.40453E+01  5.20478E+01
  6.80980E-01  1.76844E+00  1.14463E+01  9.35491E+01  5.43617E+01
  6.75980E-01  1.75985E+00  1.14590E+01  9.30390E+01  5.68147E+01
  6.70980E-01  1.75109E+00  1.14717E+01  9.25148E+01  5.94147E+01
  6.65980E-01  1.74216E+00  1.14843E+01  9.19767E+01  6.21657E+01
  6.60980E-01  1.73305E+00  1.14968E+01  9.14244E+01  6.50917E+01
  6.55980E-01  1.72376E+00  1.15091E+01  9.08580E+01  6.81966E+01
  6.50980E-01  1.71430E+00  1.15213E+01  9.02773E+01  7.15004E+01
  6.45980E-01  1.70465E+00  1.15335E+01  8.96821E+01  7.50109E+01
  6.40980E-01  1.69482E+00  1.15455E+01  8.90725E+01  7.87427E+01
  6.35980E-01  1.68481E+00  1.15573E+01  8.84485E+01  8.27243E+01
  6.30980E-01  1.67462E+00  1.15690E+01  8.78100E+01  8.69630E+01
  6.25980E-01  1.66423E+00  1.15806E+01  8.71569E+01  9.14831E+01
  6.20980E-01  1.65366E+00  1.15921E+01  8.64891E+01  9.63041E+01
  6.15980E-01  1.64290E+00  1.16034E+01  8.58068E+01  1.01460E+02
  6.10980E-01  1.63195E+00  1.16145E+01  8.51099E+01  1.06967E+02
  6.05980E-01  1.62081E+00  1.16254E+01  8.43985E+01  1.12863E+02
  6.00980E-01  1.60948E+00  1.16363E+01  8.36724E+01  1.19175E+02
  5.95980E-01  1.59796E+00  1.16468E+01  8.29318E+01  1.25927E+02
  5.90980E-01  1.58624E+00  1.16574E+01  8.21768E+01  1.33176E+02
  5.85980E-01  1.57432E+00  1.16677E+01  8.14073E+01  1.40957E+02
  5.80980E-01  1.56222E+00  1.16777E+01  8.06237E+01  1.49313E+02
  5.75980E-01  1.54991E+00  1.16877E+01  7.98254E+01  1.58287E+02
  5.70980E-01  1.53741E+00  1.16974E+01  7.90133E+01  1.67957E+02
  5.65980E-01  1.52471E+00  1.17069E+01  7.81869E+01  1.78368E+02
  5.60980E-01  1.51182E+00  1.17162E+01  7.73467E+01  1.89590E+02
  5.55980E-01  1.49873E+00  1.17254E+01  7.64927E+01  2.01682E+02
  5.50980E-01  1.48545E+00  1.17343E+01  7.56251E+01  2.14764E+02
  5.45980E-01  1.47196E+00  1.17430E+01  7.47440E+01  2.28898E+02
  5.40980E-01  1.45828E+00  1.17514E+01  7.38497E+01  2.44195E+02
  5.35980E-01  1.44441E+00  1.17597E+01  7.29423E+01  2.60738E+02
  5.30980E-01  1.43034E+00  1.17677E+01  7.20221E+01  2.78706E+02
  5.25980E-01  1.41608E+00  1.17754E+01  7.10894E+01  2.98202E+02
  5.20980E-01  1.40163E+00  1.17831E+01  7.01444E+01  3.19380E+02
  5.15980E-01  1.38698E+00  1.17904E+01  6.91872E+01  3.42445E+02
  5.10980E-01  1.37214E+00  1.17975E+01  6.82184E+01  3.67479E+02
  5.05980E-01  1.35711E+00  1.18043E+01  6.72381E+01  3.94844E+02
  5.00980E-01  1.34190E+00  1.18109E+01  6.62468E+01  4.24654E+02
  4.95980E-01  1.32650E+00  1.18173E+01  6.52448E+01  4.57273E+02
  4.90980E-01  1.31092E+00  1.18234E+01  6.42324E+01  4.92947E+02
  4.85980E-01  1.29516E+00  1.18292E+01  6.32100E+01  5.32014E+02
  4.80980E-01  1.27922E+00  1.18348E+01  6.21781E+01  5.74854E+02
  4.75980E-01  1.26310E+00  1.18402E+01  6.11371E+01  6.21806E+02
  4.70980E-01  1.24681E+00  1.18453E+01  6.00875E+01  6.73531E+02
  4.65980E-01  1.23035E+00  1.18502E+01  5.90296E+01  7.30365E+02
  4.60980E-01  1.21373E+00  1.18548E+01  5.79640E+01  7.93125E+02
  4.55980E-01  1.19694E+00  1.18591E+01  5.68913E+01  8.62363E+02
  4.50980E-01  1.18000E+00  1.18633E+01  5.58119E+01  9.38745E+02
  4.45980E-01  1.16290E+00  1.18672E+01  5.47263E+01  1.02350E+03
  4.40980E-01  1.14565E+00  1.18708E+01  5.36353E+01  1.11739E+03
  4.35980E-01  1.12826E+00  1.18744E+01  5.25393E+01  1.22151E+03
  4.30980E-01  1.11072E+00  1.18777E+01  5.14388E+01  1.33725E+03
  4.25980E-01  1.09305E+00  1.18807E+01  5.03347E+01  1.46629E+03
  4.20980E-01  1.07525E+00  1.18836E+01  4.92275E+01  1.61003E+03
  4.15980E-01  1.05733E+00  1.18863E+01  4.81178E+01  1.77060E+03
  4.10980E-01  1.03929E+00  1.18888E+01  4.70064E+01  1.95033E+03
  4.05980E-01  1.02114E+00  1.18913E+01  4.58938E+01  2.15145E+03
  4.00980E-01  1.00288E+00  1.18934E+01  4.47809E+01  2.37778E+03
  3.95980E-01  9.84525E-01  1.18956E+01  4.36682E+01  2.63191E+03
  3.90980E-01  9.66079E-01  1.18978E+01  4.25566E+01  2.91796E+03
  3.85980E-01  9.47550E-01  1.18999E+01  4.14468E+01  3.24131E+03
  3.80980E-01  9.28944E-01  1.19020E+01  4.03396E+01  3.60680E+03
  3.75980E-01  9.10272E-01  1.19039E+01  3.92356E+01  4.02064E+03
  3.70980E-01  8.91540E-01  1.19062E+01  3.81357E+01  4.49073E+03
  3.65980E-01  8.72758E-01  1.19084E+01  3.70406E+01  5.02586E+03
  3.60980E-01  8.53932E-01  1.19108E+01  3.59511E+01  5.63436E+03
  3.55980E-01  8.35075E-01  1.19133E+01  3.48681E+01  6.33069E+03
  3.50980E-01  8.16193E-01  1.19163E+01  3.37921E+01  7.12638E+03
  3.45980E-01  7.97300E-01  1.19194E+01  3.27243E+01  8.03964E+03
  3.40980E-01  7.78402E-01  1.19230E+01  3.16652E+01  9.09139E+03
  3.35980E-01  7.59509E-01  1.19269E+01  3.06155E+01  1.03023E+04
  3.30980E-01  7.40635E-01  1.19316E+01  2.95764E+01  1.17008E+04
  3.25980E-01  7.21789E-01  1.19369E+01  2.85483E+01  1.33204E+04
  3.20980E-01  7.02979E-01  1.19427E+01  2.75320E+01  1.52013E+04
  3.15980E-01  6.84222E-01  1.19499E+01  2.65286E+01  1.73886E+04
  3.10980E-01  6.65524E-01  1.19578E+01  2.55385E+01  1.99456E+04
  3.05980E-01  6.46900E-01  1.19669E+01  2.45627E+01  2.29317E+04
  3.00980E-01  6.28359E-01  1.19774E+01  2.36016E+01  2.64405E+04
  2.95980E-01  6.09918E-01  1.19895E+01  2.26564E+01  3.05704E+04
  2.90980E-01  5.91582E-01  1.20031E+01  2.17274E+01  3.54444E+04
  2.85980E-01  5.73369E-01  1.20188E+01  2.08154E+01  4.12153E+04
  2.80980E-01  5.55289E-01  1.20367E+01  1.99211E+01  4.80657E+04
  2.75980E-01  5.37355E-01  1.20571E+01  1.90450E+01  5.62281E+04
  2.70980E-01  5.19580E-01  1.20801E+01  1.81879E+01  6.59816E+04
  2.65980E-01  5.01977E-01  1.21065E+01  1.73503E+01  7.76736E+04
  2.60980E-01  4.84557E-01  1.21365E+01  1.65327E+01  9.17775E+04
  2.55980E-01  4.67335E-01  1.21705E+01  1.57356E+01  1.08739E+05
  2.50980E-01  4.50322E-01  1.22084E+01  1.49596E+01  1.29404E+05
  2.45980E-01  4.33531E-01  1.22526E+01  1.42050E+01  1.54530E+05
  2.40980E-01  4.16976E-01  1.23020E+01  1.34724E+01  1.85216E+05
  2.35980E-01  4.00668E-01  1.23581E+01  1.27619E+01  2.22760E+05
  2.30980E-01  3.84623E-01  1.24217E+01  1.20742E+01  2.69108E+05
  2.25980E-01  3.68850E-01  1.24936E+01  1.14094E+01  3.26345E+05
  2.20980E-01  3.53363E-01  1.25754E+01  1.07677E+01  3.97533E+05
  2.15980E-01  3.38174E-01  1.26679E+01  1.01494E+01  4.86377E+05
  2.10980E-01  3.23296E-01  1.27729E+01  9.55470E+00  5.97676E+05
  2.05980E-01  3.08739E-01  1.28932E+01  8.98366E+00  7.38072E+05
  2.00980E-01  2.94517E-01  1.30293E+01  8.43641E+00  9.15818E+05
  1.95980E-01  2.80639E-01  1.31839E+01  7.91291E+00  1.14208E+06
  1.90980E-01  2.67117E-01  1.33625E+01  7.41327E+00  1.43125E+06
  1.85980E-01  2.53963E-01  1.35666E+01  6.93740E+00  1.80309E+06
  1.80980E-01  2.41186E-01  1.38009E+01  6.48519E+00  2.28479E+06
  1.75980E-01  2.28798E-01  1.40705E+01  6.05662E+00  2.91118E+06
  1.70980E-01  2.16807E-01  1.43847E+01  5.65154E+00  3.73114E+06
  1.65980E-01  2.05224E-01  1.47496E+01  5.26975E+00  4.81020E+06
  1.60980E-01  1.94058E-01  1.51755E+01  4.91105E+00  6.24179E+06
  1.55980E-01  1.83318E-01  1.56794E+01  4.57536E+00  8.15217E+06
  1.50980E-01  1.73013E-01  1.62762E+01  4.26241E+00  1.07260E+07
  1.45980E-01  1.63151E-01  1.69886E+01  3.97206E+00  1.42100E+07
  1.40980E-01  1.53742E-01  1.78494E+01  3.70434E+00  1.89795E+07
  1.35980E-01  1.44797E-01  1.89052E+01  3.45935E+00  2.55755E+07
  1.30980E-01  1.36321E-01  2.02125E+01  3.23717E+00  3.48214E+07
  1.25980E-01  1.28326E-01  2.18592E+01  3.03833E+00  4.80330E+07
  1.20980E-01  1.20826E-01  2.39847E+01  2.86419E+00  6.75092E+07
  1.15980E-01  1.13833E-01  2.67871E+01  2.71674E+00  9.76423E+07
  1.10980E-01  1.07365E-01  3.06207E+01  2.60024E+00  1.49171E+08
  1.05980E-01  1.01447E-01  3.60908E+01  2.52322E+00  2.54465E+08
  1.00980E-01  9.61177E-02  4.43848E+01  2.50587E+00  5.48972E+08
  9.59800E-02  9.14393E-02  5.81345E+01  2.60349E+00  1.87862E+09
  9.09800E-02  8.75492E-02  8.44114E+01  3.02795E+00  1.38110E+10
  8.59800E-02  8.48211E-02  1.50167E+02  5.25404E+00  3.79519E+11
  8.09800E-02  8.57122E-02  4.84649E+02  7.17676E+01  4.39148E+14
