  1.16098E+00  2.05783E+00  1.02777E+01  9.94726E+01  5.41493E+00
  1.15598E+00  2.05783E+00  1.02901E+01  9.96467E+01  5.48692E+00
  1.15098E+00  2.05779E+00  1.03024E+01  9.98189E+01  5.56038E+00
  1.14598E+00  2.05773E+00  1.03148E+01  9.99892E+01  5.63572E+00
  1.14098E+00  2.05763E+00  1.03272E+01  1.00158E+02  5.71261E+00
  1.13598E+00  2.05750E+00  1.03397E+01  1.00324E+02  5.79144E+00
  1.13098E+00  2.05735E+00  1.03522E+01  1.00489E+02  5.87184E+00
  1.12598E+00  2.05716E+00  1.03647E+01  1.00651E+02  5.95421E+00
  1.12098E+00  2.05693E+00  1.03772E+01  1.00811E+02  6.03848E+00
  1.11598E+00  2.05668E+00  1.03898E+01  1.00969E+02  6.12482E+00
  1.11098E+00  2.05639E+00  1.04024E+01  1.01125E+02  6.21320E+00
  1.10598E+00  2.05607E+00  1.04150E+01  1.01279E+02  6.30360E+00
  1.10098E+00  2.05571E+00  1.04277E+01  1.01431E+02  6.39642E+00
  1.09598E+00  2.05532E+00  1.04403E+01  1.01580E+02  6.49140E+00
  1.09098E+00  2.05489E+00  1.04531E+01  1.01726E+02  6.58895E+00
  1.08598E+00  2.05442E+00  1.04658E+01  1.01871E+02  6.68871E+00
  1.08098E+00  2.05392E+00  1.04787E+01  1.02012E+02  6.79110E+00
  1.07598E+00  2.05338E+00  1.04915E+01  1.02152E+02  6.89607E+00
  1.07098E+00  2.05279E+00  1.05044E+01  1.02288E+02  7.00388E+00
  1.06598E+00  2.05217E+00  1.05173E+01  1.02422E+02  7.11450E+00
  1.06098E+00  2.05151E+00  1.05303E+01  1.02554E+02  7.22798E+00
  1.05598E+00  2.05081E+00  1.05432E+01  1.02682E+02  7.34471E+00
  1.05098E+00  2.05006E+00  1.05563E+01  1.02808E+02  7.46463E+00
  1.04598E+00  2.04927E+00  1.05694E+01  1.02931E+02  7.58756E+00
  1.04098E+00  2.04844E+00  1.05825E+01  1.03050E+02  7.71383E+00
  1.03598E+00  2.04756E+00  1.05956E+01  1.03167E+02  7.84398E+00
  1.03098E+00  2.04663E+00  1.06089E+01  1.03281E+02  7.97744E+00
  1.02598E+00  2.04566E+00  1.06221E+01  1.03391E+02  8.11521E+00
  1.02098E+00  2.04464E+00  1.06354E+01  1.03498E+02  8.25638E+00
  1.01598E+00  2.04357E+00  1.06488E+01  1.03601E+02  8.40229E+00
  1.01098E+00  2.04246E+00  1.06622E+01  1.03702E+02  8.55201E+00
  1.00598E+00  2.04129E+00  1.06756E+01  1.03798E+02  8.70659E+00
  1.00098E+00  2.04007E+00  1.06891E+01  1.03891E+02  8.86521E+00
  9.95980E-01  2.03879E+00  1.07026E+01  1.03980E+02  9.02923E+00
  9.90980E-01  2.03746E+00  1.07162E+01  1.04066E+02  9.19795E+00
  9.85980E-01  2.03608E+00  1.07299E+01  1.04147E+02  9.37220E+00
  9.80980E-01  2.03464E+00  1.07435E+01  1.04225E+02  9.55130E+00
  9.75980E-01  2.03314E+00  1.07573E+01  1.04298E+02  9.73670E+00
  9.70980E-01  2.03158E+00  1.07710E+01  1.04367E+02  9.92765E+00
  9.65980E-01  2.02997E+00  1.07848E+01  1.04432E+02  1.01250E+01
  9.60980E-01  2.02829E+00  1.07987E+01  1.04492E+02  1.03281E+01
  9.55980E-01  2.02655E+00  1.08126E+01  1.04548E+02  1.05387E+01
  9.50980E-01  2.02474E+00  1.08266E+01  1.04599E+02  1.07556E+01
  9.45980E-01  2.02287E+00  1.08407E+01  1.04646E+02  1.09803E+01
  9.40980E-01  2.02093E+00  1.08547E+01  1.04687E+02  1.12120E+01
  9.35980E-01  2.01893E+00  1.08688E+01  1.04724E+02  1.14522E+01
  9.30980E-01  2.01686E+00  1.08830E+01  1.04755E+02  1.17005E+01
  9.25980E-01  2.01471E+00  1.08972E+01  1.04781E+02  1.19567E+01
  9.20980E-01  2.01250E+00  1.09115E+01  1.04801E+02  1.22226E+01
  9.15980E-01  2.01021E+00  1.09258E+01  1.04817E+02  1.24974E+01
  9.10980E-01  2.00784E+00  1.09401E+01  1.04826E+02  1.27825E+01
  9.05980E-01  2.00540E+00  1.09545E+01  1.04830E+02  1.30769E+01
  9.00980E-01  2.00288E+00  1.09689E+01  1.04827E+02  1.33831E+01
  8.95980E-01  2.00029E+00  1.09834E+01  1.04819E+02  1.36997E+01
  8.90980E-01  1.99761E+00  1.09979E+01  1.04804E+02  1.40286E+01
  8.85980E-01  1.99485E+00  1.10125E+01  1.04783E+02  1.43689E+01
  8.80980E-01  1.99200E+00  1.10271E+01  1.04756E+02  1.47228E+01
  8.75980E-01  1.98908E+00  1.10417E+01  1.04722E+02  1.50902E+01
  8.70980E-01  1.98606E+00  1.10564E+01  1.04681E+02  1.54706E+01
  8.65980E-01  1.98295E+00  1.10711E+01  1.04633E+02  1.58669E+01
  8.60980E-01  1.97976E+00  1.10858E+01  1.04578E+02  1.62786E+01
  8.55980E-01  1.97647E+00  1.11006E+01  1.04515E+02  1.67053E+01
  8.50980E-01  1.97309E+00  1.11155E+01  1.04446E+02  1.71500E+01
  8.45980E-01  1.96962E+00  1.11303E+01  1.04368E+02  1.76121E+01
  8.40980E-01  1.96604E+00  1.11452E+01  1.04284E+02  1.80933E+01
  8.35980E-01  1.96237E+00  1.11601E+01  1.04191E+02  1.85932E+01
  8.30980E-01  1.95860E+00  1.11750E+01  1.04090E+02  1.91156E+01
  8.25980E-01  1.95473E+00  1.11900E+01  1.03981E+02  1.96584E+01
  8.20980E-01  1.95075E+00  1.12050E+01  1.03863E+02  2.02233E+01
  8.15980E-01  1.94667E+00  1.12200E+01  1.03737E+02  2.08133E+01
  8.10980E-01  1.94248E+00  1.12350E+01  1.03602E+02  2.14283E+01
  8.05980E-01  1.93818E+00  1.12501E+01  1.03459E+02  2.20692E+01
  8.00980E-01  1.93378E+00  1.12651E+01  1.03306E+02  2.27396E+01
  7.95980E-01  1.92925E+00  1.12802E+01  1.03144E+02  2.34391E+01
  7.90980E-01  1.92462E+00  1.12953E+01  1.02973E+02  2.41686E+01
  7.85980E-01  1.91987E+00  1.13104E+01  1.02792E+02  2.49311E+01
  7.80980E-01  1.91500E+00  1.13255E+01  1.02602E+02  2.57291E+01
  7.75980E-01  1.91001E+00  1.13406E+01  1.02402E+02  2.65623E+01
  7.70980E-01  1.90489E+00  1.13557E+01  1.02191E+02  2.74360E+01
  7.65980E-01  1.89966E+00  1.13708E+01  1.01971E+02  2.83499E+01
  7.60980E-01  1.89430E+00  1.13859E+01  1.01740E+02  2.93046E+01
  7.55980E-01  1.88881E+00  1.14010E+01  1.01498E+02  3.03076E+01
  7.50980E-01  1.88319E+00  1.14162E+01  1.01246E+02  3.13587E+01
  7.45980E-01  1.87744E+00  1.14313E+01  1.00983E+02  3.24587E+01
  7.40980E-01  1.87156E+00  1.14463E+01  1.00708E+02  3.36160E+01
  7.35980E-01  1.86554E+00  1.14614E+01  1.00423E+02  3.48283E+01
  7.30980E-01  1.85938E+00  1.14765E+01  1.00126E+02  3.61002E+01
  7.25980E-01  1.85309E+00  1.14915E+01  9.98179E+01  3.74390E+01
  7.20980E-01  1.84665E+00  1.15065E+01  9.94978E+01  3.88463E+01
  7.15980E-01  1.84008E+00  1.15215E+01  9.91659E+01  4.03249E+01
  7.10980E-01  1.83335E+00  1.15364E+01  9.88220E+01  4.18834E+01
  7.05980E-01  1.82649E+00  1.15513E+01  9.84658E+01  4.35211E+01
  7.00980E-01  1.81947E+00  1.15662E+01  9.80974E+01  4.52469E+01
  6.95980E-01  1.81230E+00  1.15811E+01  9.77166E+01  4.70669E+01
  6.90980E-01  1.80498E+00  1.15959E+01  9.73230E+01  4.89838E+01
  6.85980E-01  1.79751E+00  1.16106E+01  9.69168E+01  5.10081E+01
  6.80980E-01  1.78988E+00  1.16253E+01  9.64975E+01  5.31441E+01
  6.75980E-01  1.78209E+00  1.16399E+01  9.60652E+01  5.54036E+01
  6.70980E-01  1.77415E+00  1.16546E+01  9.56198E+01  5.77888E+01
  6.65980E-01  1.76604E+00  1.16691E+01  9.51611E+01  6.03098E+01
  6.60980E-01  1.75777E+00  1.16835E+01  9.46890E+01  6.29805E+01
  6.55980E-01  1.74933E+00  1.16980E+01  9.42033E+01  6.58069E+01
  6.50980E-01  1.74073E+00  1.17122E+01  9.37040E+01  6.88016E+01
  6.45980E-01  1.73196E+00  1.17266E+01  9.31909E+01  7.19795E+01
  6.40980E-01  1.72302E+00  1.17407E+01  9.26638E+01  7.53454E+01
  6.35980E-01  1.71391E+00  1.17548E+01  9.21229E+01  7.89208E+01
  6.30980E-01  1.70463E+00  1.17688E+01  9.15681E+01  8.27172E+01
  6.25980E-01  1.69517E+00  1.17827E+01  9.09989E+01  8.67571E+01
  6.20980E-01  1.68553E+00  1.17966E+01  9.04154E+01  9.10535E+01
  6.15980E-01  1.67572E+00  1.18103E+01  8.98179E+01  9.56242E+01
  6.10980E-01  1.66572E+00  1.18239E+01  8.92059E+01  1.00498E+02
  6.05980E-01  1.65555E+00  1.18374E+01  8.85796E+01  1.05686E+02
  6.00980E-01  1.64520E+00  1.18508E+01  8.79389E+01  1.11222E+02
  5.95980E-01  1.63466E+00  1.18641E+01  8.72836E+01  1.17130E+02
  5.90980E-01  1.62394E+00  1.18772E+01  8.66139E+01  1.23446E+02
  5.85980E-01  1.61303E+00  1.18903E+01  8.59295E+01  1.30203E+02
  5.80980E-01  1.60194E+00  1.19032E+01  8.52307E+01  1.37426E+02
  5.75980E-01  1.59066E+00  1.19160E+01  8.45175E+01  1.45158E+02
  5.70980E-01  1.57919E+00  1.19285E+01  8.37897E+01  1.53466E+02
  5.65980E-01  1.56752E+00  1.19411E+01  8.30474E+01  1.62354E+02
  5.60980E-01  1.55568E+00  1.19534E+01  8.22908E+01  1.71905E+02
  5.55980E-01  1.54364E+00  1.19657E+01  8.15197E+01  1.82171E+02
  5.50980E-01  1.53141E+00  1.19777E+01  8.07345E+01  1.93206E+02
  5.45980E-01  1.51899E+00  1.19896E+01  7.99349E+01  2.05090E+02
  5.40980E-01  1.50637E+00  1.20013E+01  7.91212E+01  2.17881E+02
  5.35980E-01  1.49357E+00  1.20130E+01  7.82935E+01  2.31693E+02
  5.30980E-01  1.48057E+00  1.20243E+01  7.74518E+01  2.46594E+02
  5.25980E-01  1.46738E+00  1.20356E+01  7.65964E+01  2.62694E+02
  5.20980E-01  1.45400E+00  1.20466E+01  7.57274E+01  2.80098E+02
  5.15980E-01  1.44042E+00  1.20576E+01  7.48448E+01  2.98950E+02
  5.10980E-01  1.42666E+00  1.20682E+01  7.39491E+01  3.19391E+02
  5.05980E-01  1.41270E+00  1.20788E+01  7.30403E+01  3.41538E+02
  5.00980E-01  1.39855E+00  1.20891E+01  7.21185E+01  3.65596E+02
  4.95980E-01  1.38422E+00  1.20993E+01  7.11842E+01  3.91747E+02
  4.90980E-01  1.36969E+00  1.21092E+01  7.02375E+01  4.20261E+02
  4.85980E-01  1.35498E+00  1.21191E+01  6.92786E+01  4.51266E+02
  4.80980E-01  1.34008E+00  1.21286E+01  6.83080E+01  4.85112E+02
  4.75980E-01  1.32500E+00  1.21380E+01  6.73258E+01  5.22064E+02
  4.70980E-01  1.30974E+00  1.21472E+01  6.63325E+01  5.62467E+02
  4.65980E-01  1.29429E+00  1.21562E+01  6.53282E+01  6.06689E+02
  4.60980E-01  1.27867E+00  1.21650E+01  6.43135E+01  6.55158E+02
  4.55980E-01  1.26287E+00  1.21736E+01  6.32887E+01  7.08435E+02
  4.50980E-01  1.24689E+00  1.21820E+01  6.22542E+01  7.66852E+02
  4.45980E-01  1.23075E+00  1.21904E+01  6.12103E+01  8.31210E+02
  4.40980E-01  1.21444E+00  1.21984E+01  6.01577E+01  9.02160E+02
  4.35980E-01  1.19796E+00  1.22064E+01  5.90967E+01  9.80271E+02
  4.30980E-01  1.18132E+00  1.22141E+01  5.80277E+01  1.06673E+03
  4.25980E-01  1.16452E+00  1.22216E+01  5.69513E+01  1.16236E+03
  4.20980E-01  1.14757E+00  1.22290E+01  5.58681E+01  1.26830E+03
  4.15980E-01  1.13047E+00  1.22363E+01  5.47785E+01  1.38588E+03
  4.10980E-01  1.11322E+00  1.22434E+01  5.36831E+01  1.51656E+03
  4.05980E-01  1.09583E+00  1.22504E+01  5.25825E+01  1.66205E+03
  4.00980E-01  1.07831E+00  1.22574E+01  5.14772E+01  1.82426E+03
  3.95980E-01  1.06065E+00  1.22641E+01  5.03680E+01  2.00544E+03
  3.90980E-01  1.04288E+00  1.22709E+01  4.92555E+01  2.20790E+03
  3.85980E-01  1.02497E+00  1.22776E+01  4.81402E+01  2.43526E+03
  3.80980E-01  1.00696E+00  1.22841E+01  4.70229E+01  2.69033E+03
  3.75980E-01  9.88842E-01  1.22909E+01  4.59042E+01  2.97686E+03
  3.70980E-01  9.70623E-01  1.22977E+01  4.47850E+01  3.29978E+03
  3.65980E-01  9.52308E-01  1.23041E+01  4.36656E+01  3.66472E+03
  3.60980E-01  9.33908E-01  1.23110E+01  4.25472E+01  4.07678E+03
  3.55980E-01  9.15429E-01  1.23180E+01  4.14304E+01  4.54393E+03
  3.50980E-01  8.96880E-01  1.23250E+01  4.03159E+01  5.07469E+03
  3.45980E-01  8.78266E-01  1.23324E+01  3.92044E+01  5.67878E+03
  3.40980E-01  8.59599E-01  1.23398E+01  3.80968E+01  6.36710E+03
  3.35980E-01  8.40885E-01  1.23476E+01  3.69938E+01  7.15401E+03
  3.30980E-01  8.22135E-01  1.23561E+01  3.58964E+01  8.05488E+03
  3.25980E-01  8.03357E-01  1.23647E+01  3.48052E+01  9.09007E+03
  3.20980E-01  7.84562E-01  1.23742E+01  3.37211E+01  1.02805E+04
  3.15980E-01  7.65760E-01  1.23840E+01  3.26450E+01  1.16547E+04
  3.10980E-01  7.46959E-01  1.23947E+01  3.15776E+01  1.32408E+04
  3.05980E-01  7.28170E-01  1.24060E+01  3.05196E+01  1.50848E+04
  3.00980E-01  7.09406E-01  1.24184E+01  2.94721E+01  1.72223E+04
  2.95980E-01  6.90676E-01  1.24322E+01  2.84358E+01  1.97161E+04
  2.90980E-01  6.71994E-01  1.24471E+01  2.74116E+01  2.26325E+04
  2.85980E-01  6.53366E-01  1.24632E+01  2.64001E+01  2.60481E+04
  2.80980E-01  6.34810E-01  1.24810E+01  2.54023E+01  3.00645E+04
  2.75980E-01  6.16337E-01  1.25006E+01  2.44190E+01  3.47991E+04
  2.70980E-01  5.97954E-01  1.25222E+01  2.34507E+01  4.04012E+04
  2.65980E-01  5.79679E-01  1.25461E+01  2.24985E+01  4.70457E+04
  2.60980E-01  5.61525E-01  1.25726E+01  2.15631E+01  5.49570E+04
  2.55980E-01  5.43502E-01  1.26020E+01  2.06450E+01  6.43975E+04
  2.50980E-01  5.25620E-01  1.26343E+01  1.97450E+01  7.57285E+04
  2.45980E-01  5.07900E-01  1.26708E+01  1.88639E+01  8.93661E+04
  2.40980E-01  4.90351E-01  1.27113E+01  1.80024E+01  1.05822E+05
  2.35980E-01  4.72988E-01  1.27561E+01  1.71609E+01  1.25747E+05
  2.30980E-01  4.55822E-01  1.28068E+01  1.63402E+01  1.49987E+05
  2.25980E-01  4.38870E-01  1.28628E+01  1.55410E+01  1.79677E+05
  2.20980E-01  4.22144E-01  1.29261E+01  1.47635E+01  2.15935E+05
  2.15980E-01  4.05658E-01  1.29964E+01  1.40084E+01  2.60786E+05
  2.10980E-01  3.89426E-01  1.30753E+01  1.32762E+01  3.16253E+05
  2.05980E-01  3.73461E-01  1.31643E+01  1.25673E+01  3.85116E+05
  2.00980E-01  3.57778E-01  1.32640E+01  1.18821E+01  4.71169E+05
  1.95980E-01  3.42389E-01  1.33767E+01  1.12208E+01  5.79290E+05
  1.90980E-01  3.27309E-01  1.35043E+01  1.05840E+01  7.15542E+05
  1.85980E-01  3.12550E-01  1.36481E+01  9.97168E+00  8.88438E+05
  1.80980E-01  2.98127E-01  1.38109E+01  9.38426E+00  1.10880E+06
  1.75980E-01  2.84051E-01  1.39963E+01  8.82183E+00  1.39135E+06
  1.70980E-01  2.70337E-01  1.42079E+01  8.28458E+00  1.75499E+06
  1.65980E-01  2.56997E-01  1.44501E+01  7.77264E+00  2.22747E+06
  1.60980E-01  2.44043E-01  1.47265E+01  7.28601E+00  2.84286E+06
  1.55980E-01  2.31487E-01  1.50467E+01  6.82474E+00  3.65203E+06
  1.50980E-01  2.19343E-01  1.54166E+01  6.38892E+00  4.72150E+06
  1.45980E-01  2.07620E-01  1.58467E+01  5.97842E+00  6.14334E+06
  1.40980E-01  1.96331E-01  1.63520E+01  5.59342E+00  8.04349E+06
  1.35980E-01  1.85489E-01  1.69468E+01  5.23379E+00  1.06109E+07
  1.30980E-01  1.75103E-01  1.76518E+01  4.89958E+00  1.41036E+07
  1.25980E-01  1.65185E-01  1.84973E+01  4.59092E+00  1.88923E+07
  1.20980E-01  1.55747E-01  1.95212E+01  4.30803E+00  2.55191E+07
  1.15980E-01  1.46799E-01  2.07724E+01  4.05122E+00  3.48130E+07
  1.10980E-01  1.38356E-01  2.23310E+01  3.82136E+00  4.80218E+07
  1.05980E-01  1.30430E-01  2.43058E+01  3.61951E+00  6.71431E+07
  1.00980E-01  1.23034E-01  2.68496E+01  3.44774E+00  9.57596E+07
  9.59800E-02  1.16190E-01  3.02391E+01  3.31004E+00  1.41428E+08
  9.09800E-02  1.09916E-01  3.48617E+01  3.21259E+00  2.22095E+08
  8.59800E-02  1.04246E-01  4.14911E+01  3.16989E+00  3.97340E+08
  8.09800E-02  9.92205E-02  5.15837E+01  3.21412E+00  9.31006E+08
