  9.35980E-01  2.17259E+00  1.08059E+01  1.19311E+02  6.14107E+00
  9.30980E-01  2.17062E+00  1.08216E+01  1.19373E+02  6.28883E+00
  9.25980E-01  2.16857E+00  1.08373E+01  1.19426E+02  6.44172E+00
  9.20980E-01  2.16643E+00  1.08531E+01  1.19473E+02  6.60070E+00
  9.15980E-01  2.16421E+00  1.08689E+01  1.19513E+02  6.76516E+00
  9.10980E-01  2.16189E+00  1.08847E+01  1.19544E+02  6.93593E+00
  9.05980E-01  2.15949E+00  1.09006E+01  1.19568E+02  7.11342E+00
  9.00980E-01  2.15699E+00  1.09164E+01  1.19584E+02  7.29739E+00
  8.95980E-01  2.15440E+00  1.09323E+01  1.19592E+02  7.48844E+00
  8.90980E-01  2.15171E+00  1.09483E+01  1.19591E+02  7.68725E+00
  8.85980E-01  2.14893E+00  1.09642E+01  1.19582E+02  7.89332E+00
  8.80980E-01  2.14605E+00  1.09801E+01  1.19565E+02  8.10800E+00
  8.75980E-01  2.14306E+00  1.09961E+01  1.19538E+02  8.33126E+00
  8.70980E-01  2.13998E+00  1.10120E+01  1.19502E+02  8.56328E+00
  8.65980E-01  2.13679E+00  1.10280E+01  1.19457E+02  8.80470E+00
  8.60980E-01  2.13349E+00  1.10440E+01  1.19402E+02  9.05642E+00
  8.55980E-01  2.13008E+00  1.10600E+01  1.19338E+02  9.31813E+00
  8.50980E-01  2.12656E+00  1.10760E+01  1.19264E+02  9.59085E+00
  8.45980E-01  2.12293E+00  1.10920E+01  1.19180E+02  9.87552E+00
  8.40980E-01  2.11919E+00  1.11080E+01  1.19085E+02  1.01721E+01
  8.35980E-01  2.11532E+00  1.11240E+01  1.18980E+02  1.04810E+01
  8.30980E-01  2.11134E+00  1.11401E+01  1.18864E+02  1.08039E+01
  8.25980E-01  2.10724E+00  1.11560E+01  1.18737E+02  1.11409E+01
  8.20980E-01  2.10301E+00  1.11720E+01  1.18599E+02  1.14920E+01
  8.15980E-01  2.09866E+00  1.11880E+01  1.18450E+02  1.18601E+01
  8.10980E-01  2.09418E+00  1.12039E+01  1.18289E+02  1.22441E+01
  8.05980E-01  2.08957E+00  1.12199E+01  1.18116E+02  1.26458E+01
  8.00980E-01  2.08483E+00  1.12359E+01  1.17932E+02  1.30655E+01
  7.95980E-01  2.07996E+00  1.12517E+01  1.17735E+02  1.35055E+01
  7.90980E-01  2.07495E+00  1.12676E+01  1.17525E+02  1.39657E+01
  7.85980E-01  2.06980E+00  1.12835E+01  1.17303E+02  1.44480E+01
  7.80980E-01  2.06451E+00  1.12993E+01  1.17068E+02  1.49532E+01
  7.75980E-01  2.05907E+00  1.13151E+01  1.16820E+02  1.54832E+01
  7.70980E-01  2.05349E+00  1.13308E+01  1.16559E+02  1.60391E+01
  7.65980E-01  2.04776E+00  1.13465E+01  1.16284E+02  1.66214E+01
  7.60980E-01  2.04189E+00  1.13622E+01  1.15995E+02  1.72352E+01
  7.55980E-01  2.03586E+00  1.13778E+01  1.15692E+02  1.78771E+01
  7.50980E-01  2.02967E+00  1.13934E+01  1.15375E+02  1.85537E+01
  7.45980E-01  2.02332E+00  1.14088E+01  1.15044E+02  1.92639E+01
  7.40980E-01  2.01682E+00  1.14243E+01  1.14698E+02  2.00114E+01
  7.35980E-01  2.01015E+00  1.14397E+01  1.14337E+02  2.07993E+01
  7.30980E-01  2.00332E+00  1.14550E+01  1.13961E+02  2.16282E+01
  7.25980E-01  1.99632E+00  1.14703E+01  1.13570E+02  2.25026E+01
  7.20980E-01  1.98916E+00  1.14854E+01  1.13164E+02  2.34229E+01
  7.15980E-01  1.98181E+00  1.15005E+01  1.12741E+02  2.43940E+01
  7.10980E-01  1.97430E+00  1.15155E+01  1.12303E+02  2.54221E+01
  7.05980E-01  1.96661E+00  1.15304E+01  1.11849E+02  2.65041E+01
  7.00980E-01  1.95874E+00  1.15453E+01  1.11379E+02  2.76500E+01
  6.95980E-01  1.95068E+00  1.15600E+01  1.10892E+02  2.88609E+01
  6.90980E-01  1.94245E+00  1.15746E+01  1.10389E+02  3.01401E+01
  6.85980E-01  1.93402E+00  1.15891E+01  1.09868E+02  3.14974E+01
  6.80980E-01  1.92541E+00  1.16035E+01  1.09331E+02  3.29320E+01
  6.75980E-01  1.91660E+00  1.16179E+01  1.08777E+02  3.44570E+01
  6.70980E-01  1.90760E+00  1.16320E+01  1.08205E+02  3.60735E+01
  6.65980E-01  1.89841E+00  1.16461E+01  1.07616E+02  3.77887E+01
  6.60980E-01  1.88901E+00  1.16599E+01  1.07009E+02  3.96102E+01
  6.55980E-01  1.87942E+00  1.16737E+01  1.06385E+02  4.15463E+01
  6.50980E-01  1.86962E+00  1.16874E+01  1.05743E+02  4.36037E+01
  6.45980E-01  1.85962E+00  1.17009E+01  1.05083E+02  4.57951E+01
  6.40980E-01  1.84941E+00  1.17142E+01  1.04405E+02  4.81352E+01
  6.35980E-01  1.83899E+00  1.17273E+01  1.03708E+02  5.06173E+01
  6.30980E-01  1.82836E+00  1.17404E+01  1.02994E+02  5.32755E+01
  6.25980E-01  1.81752E+00  1.17532E+01  1.02261E+02  5.61101E+01
  6.20980E-01  1.80646E+00  1.17659E+01  1.01509E+02  5.91379E+01
  6.15980E-01  1.79518E+00  1.17783E+01  1.00740E+02  6.23749E+01
  6.10980E-01  1.78369E+00  1.17906E+01  9.99513E+01  6.58413E+01
  6.05980E-01  1.77198E+00  1.18027E+01  9.91446E+01  6.95516E+01
  6.00980E-01  1.76004E+00  1.18146E+01  9.83193E+01  7.35264E+01
  5.95980E-01  1.74788E+00  1.18262E+01  9.74755E+01  7.77911E+01
  5.90980E-01  1.73549E+00  1.18377E+01  9.66131E+01  8.23710E+01
  5.85980E-01  1.72288E+00  1.18489E+01  9.57323E+01  8.72926E+01
  5.80980E-01  1.71004E+00  1.18599E+01  9.48330E+01  9.25826E+01
  5.75980E-01  1.69697E+00  1.18707E+01  9.39151E+01  9.82801E+01
  5.70980E-01  1.68367E+00  1.18813E+01  9.29794E+01  1.04418E+02
  5.65980E-01  1.67013E+00  1.18915E+01  9.20251E+01  1.11040E+02
  5.60980E-01  1.65637E+00  1.19016E+01  9.10529E+01  1.18183E+02
  5.55980E-01  1.64238E+00  1.19113E+01  9.00629E+01  1.25900E+02
  5.50980E-01  1.62816E+00  1.19209E+01  8.90553E+01  1.34253E+02
  5.45980E-01  1.61370E+00  1.19300E+01  8.80299E+01  1.43291E+02
  5.40980E-01  1.59900E+00  1.19390E+01  8.69871E+01  1.53092E+02
  5.35980E-01  1.58408E+00  1.19476E+01  8.59272E+01  1.63714E+02
  5.30980E-01  1.56892E+00  1.19561E+01  8.48505E+01  1.75267E+02
  5.25980E-01  1.55353E+00  1.19641E+01  8.37571E+01  1.87804E+02
  5.20980E-01  1.53790E+00  1.19718E+01  8.26475E+01  2.01480E+02
  5.15980E-01  1.52205E+00  1.19793E+01  8.15219E+01  2.16368E+02
  5.10980E-01  1.50596E+00  1.19864E+01  8.03806E+01  2.32615E+02
  5.05980E-01  1.48965E+00  1.19933E+01  7.92241E+01  2.50352E+02
  5.00980E-01  1.47311E+00  1.19997E+01  7.80527E+01  2.69741E+02
  4.95980E-01  1.45635E+00  1.20060E+01  7.68670E+01  2.90966E+02
  4.90980E-01  1.43936E+00  1.20117E+01  7.56672E+01  3.14229E+02
  4.85980E-01  1.42215E+00  1.20172E+01  7.44539E+01  3.39810E+02
  4.80980E-01  1.40472E+00  1.20224E+01  7.32276E+01  3.67892E+02
  4.75980E-01  1.38707E+00  1.20272E+01  7.19889E+01  3.98780E+02
  4.70980E-01  1.36921E+00  1.20317E+01  7.07383E+01  4.32868E+02
  4.65980E-01  1.35114E+00  1.20358E+01  6.94765E+01  4.70398E+02
  4.60980E-01  1.33287E+00  1.20395E+01  6.82039E+01  5.11929E+02
  4.55980E-01  1.31439E+00  1.20430E+01  6.69212E+01  5.57835E+02
  4.50980E-01  1.29571E+00  1.20460E+01  6.56293E+01  6.08697E+02
  4.45980E-01  1.27685E+00  1.20487E+01  6.43286E+01  6.65255E+02
  4.40980E-01  1.25779E+00  1.20511E+01  6.30200E+01  7.28008E+02
  4.35980E-01  1.23855E+00  1.20531E+01  6.17043E+01  7.97874E+02
  4.30980E-01  1.21913E+00  1.20548E+01  6.03821E+01  8.75886E+02
  4.25980E-01  1.19954E+00  1.20563E+01  5.90544E+01  9.62873E+02
  4.20980E-01  1.17978E+00  1.20572E+01  5.77219E+01  1.06016E+03
  4.15980E-01  1.15987E+00  1.20580E+01  5.63855E+01  1.16940E+03
  4.10980E-01  1.13980E+00  1.20585E+01  5.50461E+01  1.29196E+03
  4.05980E-01  1.11959E+00  1.20586E+01  5.37046E+01  1.42952E+03
  4.00980E-01  1.09925E+00  1.20585E+01  5.23619E+01  1.58462E+03
  3.95980E-01  1.07877E+00  1.20580E+01  5.10190E+01  1.75976E+03
  3.90980E-01  1.05818E+00  1.20575E+01  4.96767E+01  1.95760E+03
  3.85980E-01  1.03747E+00  1.20566E+01  4.83363E+01  2.18184E+03
  3.80980E-01  1.01667E+00  1.20556E+01  4.69985E+01  2.43649E+03
  3.75980E-01  9.95772E-01  1.20545E+01  4.56645E+01  2.72623E+03
  3.70980E-01  9.74793E-01  1.20533E+01  4.43352E+01  3.05647E+03
  3.65980E-01  9.53744E-01  1.20519E+01  4.30117E+01  3.43332E+03
  3.60980E-01  9.32634E-01  1.20504E+01  4.16949E+01  3.86438E+03
  3.55980E-01  9.11477E-01  1.20490E+01  4.03862E+01  4.35988E+03
  3.50980E-01  8.90283E-01  1.20477E+01  3.90865E+01  4.92978E+03
  3.45980E-01  8.69063E-01  1.20465E+01  3.77966E+01  5.58580E+03
  3.40980E-01  8.47832E-01  1.20456E+01  3.65180E+01  6.34389E+03
  3.35980E-01  8.26601E-01  1.20448E+01  3.52514E+01  7.22265E+03
  3.30980E-01  8.05382E-01  1.20443E+01  3.39980E+01  8.24244E+03
  3.25980E-01  7.84191E-01  1.20444E+01  3.27589E+01  9.42888E+03
  3.20980E-01  7.63040E-01  1.20449E+01  3.15351E+01  1.08150E+04
  3.15980E-01  7.41946E-01  1.20462E+01  3.03277E+01  1.24374E+04
  3.10980E-01  7.20918E-01  1.20481E+01  2.91374E+01  1.43414E+04
  3.05980E-01  6.99975E-01  1.20513E+01  2.79655E+01  1.65839E+04
  3.00980E-01  6.79132E-01  1.20552E+01  2.68130E+01  1.92288E+04
  2.95980E-01  6.58400E-01  1.20607E+01  2.56806E+01  2.23624E+04
  2.90980E-01  6.37796E-01  1.20674E+01  2.45693E+01  2.60833E+04
  2.85980E-01  6.17338E-01  1.20759E+01  2.34800E+01  3.05182E+04
  2.80980E-01  5.97039E-01  1.20863E+01  2.24137E+01  3.58184E+04
  2.75980E-01  5.76917E-01  1.20992E+01  2.13710E+01  4.21780E+04
  2.70980E-01  5.56984E-01  1.21143E+01  2.03526E+01  4.98276E+04
  2.65980E-01  5.37258E-01  1.21326E+01  1.93595E+01  5.90701E+04
  2.60980E-01  5.17757E-01  1.21540E+01  1.83923E+01  7.02756E+04
  2.55980E-01  4.98493E-01  1.21793E+01  1.74514E+01  8.39231E+04
  2.50980E-01  4.79483E-01  1.22090E+01  1.65377E+01  1.00599E+05
  2.45980E-01  4.60744E-01  1.22431E+01  1.56515E+01  1.21024E+05
  2.40980E-01  4.42290E-01  1.22828E+01  1.47933E+01  1.46201E+05
  2.35980E-01  4.24138E-01  1.23289E+01  1.39637E+01  1.77395E+05
  2.30980E-01  4.06303E-01  1.23827E+01  1.31628E+01  2.15959E+05
  2.25980E-01  3.88799E-01  1.24446E+01  1.23912E+01  2.64215E+05
  2.20980E-01  3.71644E-01  1.25148E+01  1.16489E+01  3.24807E+05
  2.15980E-01  3.54847E-01  1.25967E+01  1.09361E+01  4.00763E+05
  2.10980E-01  3.38428E-01  1.26914E+01  1.02530E+01  4.97253E+05
  2.05980E-01  3.22396E-01  1.27987E+01  9.59956E+00  6.19776E+05
  2.00980E-01  3.06767E-01  1.29236E+01  8.97580E+00  7.76233E+05
  1.95980E-01  2.91553E-01  1.30671E+01  8.38161E+00  9.77789E+05
  1.90980E-01  2.76766E-01  1.32329E+01  7.81688E+00  1.23746E+06
  1.85980E-01  2.62419E-01  1.34236E+01  7.28147E+00  1.57542E+06
  1.80980E-01  2.48522E-01  1.36463E+01  6.77509E+00  2.01718E+06
  1.75980E-01  2.35087E-01  1.39036E+01  6.29736E+00  2.59738E+06
  1.70980E-01  2.22123E-01  1.42048E+01  5.84809E+00  3.36423E+06
  1.65980E-01  2.09641E-01  1.45580E+01  5.42681E+00  4.38588E+06
  1.60980E-01  1.97650E-01  1.49721E+01  5.03314E+00  5.75527E+06
  1.55980E-01  1.86157E-01  1.54632E+01  4.66670E+00  7.60122E+06
  1.50980E-01  1.75172E-01  1.60486E+01  4.32708E+00  1.01123E+07
  1.45980E-01  1.64704E-01  1.67534E+01  4.01397E+00  1.35493E+07
  1.40980E-01  1.54757E-01  1.76092E+01  3.72694E+00  1.83043E+07
  1.35980E-01  1.45341E-01  1.86594E+01  3.46584E+00  2.49407E+07
  1.30980E-01  1.36464E-01  1.99697E+01  3.23074E+00  3.43483E+07
  1.25980E-01  1.28134E-01  2.16287E+01  3.02196E+00  4.78855E+07
  1.20980E-01  1.20361E-01  2.37773E+01  2.84052E+00  6.80428E+07
  1.15980E-01  1.13159E-01  2.66355E+01  2.68859E+00  9.95896E+07
  1.10980E-01  1.06540E-01  3.05466E+01  2.57001E+00  1.54003E+08
  1.05980E-01  1.00530E-01  3.61751E+01  2.49410E+00  2.67337E+08
  1.00980E-01  9.51657E-02  4.47667E+01  2.48210E+00  5.94051E+08
  9.59800E-02  9.05128E-02  5.91721E+01  2.59512E+00  2.14561E+09
  9.09800E-02  8.67066E-02  8.70212E+01  3.06990E+00  1.70995E+10
  8.59800E-02  8.41634E-02  1.58262E+02  5.66093E+00  5.37393E+11
  8.09800E-02  8.58443E-02  5.55228E+02  1.07693E+02  1.14076E+15
