  1.13098E+00  2.13570E+00  1.02556E+01  1.07031E+02  3.94928E+00
  1.12598E+00  2.13568E+00  1.02682E+01  1.07211E+02  4.00572E+00
  1.12098E+00  2.13561E+00  1.02809E+01  1.07389E+02  4.06361E+00
  1.11598E+00  2.13551E+00  1.02936E+01  1.07565E+02  4.12302E+00
  1.11098E+00  2.13537E+00  1.03064E+01  1.07738E+02  4.18409E+00
  1.10598E+00  2.13519E+00  1.03193E+01  1.07909E+02  4.24701E+00
  1.10098E+00  2.13497E+00  1.03321E+01  1.08078E+02  4.31143E+00
  1.09598E+00  2.13471E+00  1.03451E+01  1.08244E+02  4.37782E+00
  1.09098E+00  2.13442E+00  1.03581E+01  1.08408E+02  4.44583E+00
  1.08598E+00  2.13408E+00  1.03712E+01  1.08569E+02  4.51606E+00
  1.08098E+00  2.13369E+00  1.03844E+01  1.08727E+02  4.58811E+00
  1.07598E+00  2.13327E+00  1.03976E+01  1.08883E+02  4.66219E+00
  1.07098E+00  2.13279E+00  1.04108E+01  1.09035E+02  4.73848E+00
  1.06598E+00  2.13228E+00  1.04241E+01  1.09184E+02  4.81731E+00
  1.06098E+00  2.13171E+00  1.04375E+01  1.09331E+02  4.89810E+00
  1.05598E+00  2.13110E+00  1.04509E+01  1.09474E+02  4.98143E+00
  1.05098E+00  2.13044E+00  1.04644E+01  1.09613E+02  5.06703E+00
  1.04598E+00  2.12973E+00  1.04780E+01  1.09749E+02  5.15549E+00
  1.04098E+00  2.12896E+00  1.04916E+01  1.09882E+02  5.24646E+00
  1.03598E+00  2.12815E+00  1.05052E+01  1.10011E+02  5.34028E+00
  1.03098E+00  2.12728E+00  1.05189E+01  1.10136E+02  5.43686E+00
  1.02598E+00  2.12636E+00  1.05327E+01  1.10258E+02  5.53683E+00
  1.02098E+00  2.12538E+00  1.05465E+01  1.10375E+02  5.63957E+00
  1.01598E+00  2.12435E+00  1.05604E+01  1.10489E+02  5.74570E+00
  1.01098E+00  2.12326E+00  1.05743E+01  1.10598E+02  5.85504E+00
  1.00598E+00  2.12211E+00  1.05883E+01  1.10703E+02  5.96813E+00
  1.00098E+00  2.12089E+00  1.06024E+01  1.10803E+02  6.08474E+00
  9.95980E-01  2.11962E+00  1.06165E+01  1.10899E+02  6.20525E+00
  9.90980E-01  2.11828E+00  1.06306E+01  1.10990E+02  6.32960E+00
  9.85980E-01  2.11688E+00  1.06448E+01  1.11076E+02  6.45821E+00
  9.80980E-01  2.11542E+00  1.06591E+01  1.11157E+02  6.59133E+00
  9.75980E-01  2.11388E+00  1.06733E+01  1.11233E+02  6.72841E+00
  9.70980E-01  2.11228E+00  1.06877E+01  1.11304E+02  6.87058E+00
  9.65980E-01  2.11061E+00  1.07021E+01  1.11369E+02  7.01744E+00
  9.60980E-01  2.10886E+00  1.07166E+01  1.11429E+02  7.16930E+00
  9.55980E-01  2.10705E+00  1.07310E+01  1.11483E+02  7.32655E+00
  9.50980E-01  2.10516E+00  1.07456E+01  1.11531E+02  7.48981E+00
  9.45980E-01  2.10319E+00  1.07602E+01  1.11574E+02  7.65807E+00
  9.40980E-01  2.10115E+00  1.07748E+01  1.11610E+02  7.83277E+00
  9.35980E-01  2.09902E+00  1.07895E+01  1.11640E+02  8.01391E+00
  9.30980E-01  2.09682E+00  1.08042E+01  1.11664E+02  8.20142E+00
  9.25980E-01  2.09453E+00  1.08189E+01  1.11681E+02  8.39567E+00
  9.20980E-01  2.09217E+00  1.08337E+01  1.11691E+02  8.59752E+00
  9.15980E-01  2.08971E+00  1.08485E+01  1.11694E+02  8.80701E+00
  9.10980E-01  2.08717E+00  1.08634E+01  1.11690E+02  9.02421E+00
  9.05980E-01  2.08454E+00  1.08783E+01  1.11679E+02  9.24928E+00
  9.00980E-01  2.08182E+00  1.08933E+01  1.11661E+02  9.48349E+00
  8.95980E-01  2.07901E+00  1.09083E+01  1.11635E+02  9.72673E+00
  8.90980E-01  2.07610E+00  1.09233E+01  1.11601E+02  9.97903E+00
  8.85980E-01  2.07310E+00  1.09383E+01  1.11560E+02  1.02423E+01
  8.80980E-01  2.07000E+00  1.09534E+01  1.11510E+02  1.05152E+01
  8.75980E-01  2.06680E+00  1.09685E+01  1.11452E+02  1.07991E+01
  8.70980E-01  2.06351E+00  1.09836E+01  1.11385E+02  1.10952E+01
  8.65980E-01  2.06010E+00  1.09988E+01  1.11310E+02  1.14028E+01
  8.60980E-01  2.05660E+00  1.10139E+01  1.11226E+02  1.17228E+01
  8.55980E-01  2.05298E+00  1.10291E+01  1.11133E+02  1.20577E+01
  8.50980E-01  2.04926E+00  1.10443E+01  1.11031E+02  1.24053E+01
  8.45980E-01  2.04543E+00  1.10595E+01  1.10920E+02  1.27680E+01
  8.40980E-01  2.04148E+00  1.10748E+01  1.10799E+02  1.31467E+01
  8.35980E-01  2.03742E+00  1.10900E+01  1.10668E+02  1.35412E+01
  8.30980E-01  2.03324E+00  1.11053E+01  1.10527E+02  1.39532E+01
  8.25980E-01  2.02895E+00  1.11206E+01  1.10376E+02  1.43841E+01
  8.20980E-01  2.02453E+00  1.11358E+01  1.10215E+02  1.48331E+01
  8.15980E-01  2.01999E+00  1.11511E+01  1.10043E+02  1.53025E+01
  8.10980E-01  2.01533E+00  1.11664E+01  1.09861E+02  1.57942E+01
  8.05980E-01  2.01054E+00  1.11817E+01  1.09667E+02  1.63076E+01
  8.00980E-01  2.00562E+00  1.11970E+01  1.09463E+02  1.68444E+01
  7.95980E-01  2.00057E+00  1.12123E+01  1.09247E+02  1.74084E+01
  7.90980E-01  1.99539E+00  1.12275E+01  1.09020E+02  1.79971E+01
  7.85980E-01  1.99007E+00  1.12428E+01  1.08781E+02  1.86145E+01
  7.80980E-01  1.98461E+00  1.12580E+01  1.08530E+02  1.92621E+01
  7.75980E-01  1.97902E+00  1.12733E+01  1.08268E+02  1.99410E+01
  7.70980E-01  1.97328E+00  1.12885E+01  1.07993E+02  2.06527E+01
  7.65980E-01  1.96740E+00  1.13036E+01  1.07705E+02  2.14018E+01
  7.60980E-01  1.96138E+00  1.13188E+01  1.07406E+02  2.21870E+01
  7.55980E-01  1.95520E+00  1.13339E+01  1.07093E+02  2.30127E+01
  7.50980E-01  1.94888E+00  1.13491E+01  1.06767E+02  2.38799E+01
  7.45980E-01  1.94240E+00  1.13641E+01  1.06428E+02  2.47917E+01
  7.40980E-01  1.93577E+00  1.13791E+01  1.06076E+02  2.57536E+01
  7.35980E-01  1.92898E+00  1.13941E+01  1.05710E+02  2.67655E+01
  7.30980E-01  1.92204E+00  1.14090E+01  1.05331E+02  2.78297E+01
  7.25980E-01  1.91493E+00  1.14239E+01  1.04938E+02  2.89536E+01
  7.20980E-01  1.90766E+00  1.14388E+01  1.04531E+02  3.01365E+01
  7.15980E-01  1.90022E+00  1.14535E+01  1.04109E+02  3.13891E+01
  7.10980E-01  1.89262E+00  1.14682E+01  1.03674E+02  3.27089E+01
  7.05980E-01  1.88485E+00  1.14829E+01  1.03223E+02  3.41016E+01
  7.00980E-01  1.87690E+00  1.14975E+01  1.02759E+02  3.55763E+01
  6.95980E-01  1.86878E+00  1.15120E+01  1.02279E+02  3.71334E+01
  6.90980E-01  1.86049E+00  1.15264E+01  1.01785E+02  3.87861E+01
  6.85980E-01  1.85202E+00  1.15408E+01  1.01275E+02  4.05339E+01
  6.80980E-01  1.84337E+00  1.15550E+01  1.00751E+02  4.23826E+01
  6.75980E-01  1.83454E+00  1.15692E+01  1.00211E+02  4.43465E+01
  6.70980E-01  1.82553E+00  1.15833E+01  9.96559E+01  4.64275E+01
  6.65980E-01  1.81633E+00  1.15973E+01  9.90851E+01  4.86396E+01
  6.60980E-01  1.80695E+00  1.16112E+01  9.84990E+01  5.09885E+01
  6.55980E-01  1.79737E+00  1.16250E+01  9.78970E+01  5.34860E+01
  6.50980E-01  1.78761E+00  1.16387E+01  9.72795E+01  5.61408E+01
  6.45980E-01  1.77766E+00  1.16522E+01  9.66462E+01  5.89673E+01
  6.40980E-01  1.76751E+00  1.16656E+01  9.59970E+01  6.19798E+01
  6.35980E-01  1.75716E+00  1.16789E+01  9.53317E+01  6.51898E+01
  6.30980E-01  1.74663E+00  1.16921E+01  9.46507E+01  6.86158E+01
  6.25980E-01  1.73589E+00  1.17052E+01  9.39537E+01  7.22679E+01
  6.20980E-01  1.72495E+00  1.17181E+01  9.32407E+01  7.61799E+01
  6.15980E-01  1.71382E+00  1.17309E+01  9.25119E+01  8.03506E+01
  6.10980E-01  1.70248E+00  1.17435E+01  9.17668E+01  8.48201E+01
  6.05980E-01  1.69094E+00  1.17560E+01  9.10060E+01  8.96020E+01
  6.00980E-01  1.67920E+00  1.17683E+01  9.02292E+01  9.47366E+01
  5.95980E-01  1.66725E+00  1.17804E+01  8.94368E+01  1.00234E+02
  5.90980E-01  1.65510E+00  1.17924E+01  8.86283E+01  1.06135E+02
  5.85980E-01  1.64274E+00  1.18042E+01  8.78042E+01  1.12473E+02
  5.80980E-01  1.63018E+00  1.18159E+01  8.69644E+01  1.19300E+02
  5.75980E-01  1.61741E+00  1.18273E+01  8.61092E+01  1.26640E+02
  5.70980E-01  1.60444E+00  1.18387E+01  8.52387E+01  1.34536E+02
  5.65980E-01  1.59125E+00  1.18497E+01  8.43526E+01  1.43051E+02
  5.60980E-01  1.57786E+00  1.18607E+01  8.34517E+01  1.52254E+02
  5.55980E-01  1.56427E+00  1.18713E+01  8.25360E+01  1.62178E+02
  5.50980E-01  1.55046E+00  1.18819E+01  8.16054E+01  1.72908E+02
  5.45980E-01  1.53646E+00  1.18922E+01  8.06604E+01  1.84510E+02
  5.40980E-01  1.52224E+00  1.19022E+01  7.97011E+01  1.97110E+02
  5.35980E-01  1.50782E+00  1.19121E+01  7.87278E+01  2.10728E+02
  5.30980E-01  1.49320E+00  1.19218E+01  7.77407E+01  2.25539E+02
  5.25980E-01  1.47838E+00  1.19313E+01  7.67401E+01  2.41601E+02
  5.20980E-01  1.46335E+00  1.19405E+01  7.57264E+01  2.59099E+02
  5.15980E-01  1.44813E+00  1.19495E+01  7.46999E+01  2.78123E+02
  5.10980E-01  1.43270E+00  1.19583E+01  7.36610E+01  2.98879E+02
  5.05980E-01  1.41708E+00  1.19669E+01  7.26098E+01  3.21530E+02
  5.00980E-01  1.40127E+00  1.19752E+01  7.15470E+01  3.46238E+02
  4.95980E-01  1.38527E+00  1.19834E+01  7.04728E+01  3.73253E+02
  4.90980E-01  1.36907E+00  1.19913E+01  6.93877E+01  4.02830E+02
  4.85980E-01  1.35269E+00  1.19989E+01  6.82923E+01  4.35297E+02
  4.80980E-01  1.33613E+00  1.20063E+01  6.71868E+01  4.70867E+02
  4.75980E-01  1.31938E+00  1.20135E+01  6.60719E+01  5.09996E+02
  4.70980E-01  1.30246E+00  1.20206E+01  6.49479E+01  5.53046E+02
  4.65980E-01  1.28537E+00  1.20273E+01  6.38156E+01  6.00399E+02
  4.60980E-01  1.26810E+00  1.20339E+01  6.26753E+01  6.52664E+02
  4.55980E-01  1.25067E+00  1.20403E+01  6.15277E+01  7.10456E+02
  4.50980E-01  1.23308E+00  1.20463E+01  6.03735E+01  7.74230E+02
  4.45980E-01  1.21534E+00  1.20523E+01  5.92131E+01  8.44931E+02
  4.40980E-01  1.19744E+00  1.20581E+01  5.80472E+01  9.23277E+02
  4.35980E-01  1.17940E+00  1.20636E+01  5.68765E+01  1.01039E+03
  4.30980E-01  1.16122E+00  1.20690E+01  5.57015E+01  1.10719E+03
  4.25980E-01  1.14291E+00  1.20744E+01  5.45232E+01  1.21493E+03
  4.20980E-01  1.12447E+00  1.20794E+01  5.33421E+01  1.33532E+03
  4.15980E-01  1.10590E+00  1.20845E+01  5.21588E+01  1.46969E+03
  4.10980E-01  1.08722E+00  1.20894E+01  5.09742E+01  1.62019E+03
  4.05980E-01  1.06844E+00  1.20942E+01  4.97890E+01  1.78848E+03
  4.00980E-01  1.04955E+00  1.20990E+01  4.86040E+01  1.97769E+03
  3.95980E-01  1.03057E+00  1.21037E+01  4.74200E+01  2.19058E+03
  3.90980E-01  1.01150E+00  1.21083E+01  4.62376E+01  2.43003E+03
  3.85980E-01  9.92362E-01  1.21130E+01  4.50577E+01  2.70040E+03
  3.80980E-01  9.73151E-01  1.21177E+01  4.38812E+01  3.00620E+03
  3.75980E-01  9.53882E-01  1.21226E+01  4.27089E+01  3.35234E+03
  3.70980E-01  9.34559E-01  1.21276E+01  4.15413E+01  3.74476E+03
  3.65980E-01  9.15196E-01  1.21326E+01  4.03796E+01  4.19167E+03
  3.60980E-01  8.95800E-01  1.21381E+01  3.92244E+01  4.69971E+03
  3.55980E-01  8.76382E-01  1.21436E+01  3.80766E+01  5.28022E+03
  3.50980E-01  8.56951E-01  1.21496E+01  3.69371E+01  5.94397E+03
  3.45980E-01  8.37519E-01  1.21560E+01  3.58066E+01  6.70342E+03
  3.40980E-01  8.18095E-01  1.21628E+01  3.46860E+01  7.57665E+03
  3.35980E-01  7.98690E-01  1.21702E+01  3.35761E+01  8.58185E+03
  3.30980E-01  7.79315E-01  1.21782E+01  3.24776E+01  9.74066E+03
  3.25980E-01  7.59983E-01  1.21869E+01  3.13916E+01  1.10806E+04
  3.20980E-01  7.40702E-01  1.21967E+01  3.03185E+01  1.26330E+04
  3.15980E-01  7.21485E-01  1.22072E+01  2.92593E+01  1.44360E+04
  3.10980E-01  7.02346E-01  1.22189E+01  2.82148E+01  1.65323E+04
  3.05980E-01  6.83294E-01  1.22317E+01  2.71856E+01  1.89827E+04
  3.00980E-01  6.64341E-01  1.22461E+01  2.61725E+01  2.18483E+04
  2.95980E-01  6.45501E-01  1.22619E+01  2.51763E+01  2.52119E+04
  2.90980E-01  6.26786E-01  1.22797E+01  2.41976E+01  2.91630E+04
  2.85980E-01  6.08208E-01  1.22990E+01  2.32370E+01  3.38349E+04
  2.80980E-01  5.89780E-01  1.23210E+01  2.22953E+01  3.93430E+04
  2.75980E-01  5.71515E-01  1.23451E+01  2.13731E+01  4.58855E+04
  2.70980E-01  5.53423E-01  1.23722E+01  2.04707E+01  5.36727E+04
  2.65980E-01  5.35520E-01  1.24019E+01  1.95890E+01  6.29794E+04
  2.60980E-01  5.17814E-01  1.24355E+01  1.87283E+01  7.40715E+04
  2.55980E-01  5.00322E-01  1.24727E+01  1.78892E+01  8.74363E+04
  2.50980E-01  4.83054E-01  1.25144E+01  1.70721E+01  1.03538E+05
  2.45980E-01  4.66022E-01  1.25606E+01  1.62773E+01  1.22915E+05
  2.40980E-01  4.49240E-01  1.26119E+01  1.55054E+01  1.46501E+05
  2.35980E-01  4.32719E-01  1.26696E+01  1.47565E+01  1.75120E+05
  2.30980E-01  4.16472E-01  1.27336E+01  1.40311E+01  2.10133E+05
  2.25980E-01  4.00510E-01  1.28054E+01  1.33295E+01  2.52988E+05
  2.20980E-01  3.84845E-01  1.28853E+01  1.26517E+01  3.05697E+05
  2.15980E-01  3.69488E-01  1.29745E+01  1.19978E+01  3.70719E+05
  2.10980E-01  3.54450E-01  1.30748E+01  1.13683E+01  4.51333E+05
  2.05980E-01  3.39741E-01  1.31861E+01  1.07629E+01  5.51656E+05
  2.00980E-01  3.25372E-01  1.33113E+01  1.01818E+01  6.76933E+05
  1.95980E-01  3.11353E-01  1.34524E+01  9.62514E+00  8.33632E+05
  1.90980E-01  2.97694E-01  1.36099E+01  9.09265E+00  1.03144E+06
  1.85980E-01  2.84404E-01  1.37867E+01  8.58439E+00  1.28150E+06
  1.80980E-01  2.71491E-01  1.39878E+01  8.10014E+00  1.59895E+06
  1.75980E-01  2.58963E-01  1.42132E+01  7.63978E+00  2.00316E+06
  1.70980E-01  2.46830E-01  1.44698E+01  7.20330E+00  2.52167E+06
  1.65980E-01  2.35097E-01  1.47599E+01  6.79032E+00  3.18874E+06
  1.60980E-01  2.23771E-01  1.50904E+01  6.40051E+00  4.05088E+06
  1.55980E-01  2.12859E-01  1.54689E+01  6.03390E+00  5.16978E+06
  1.50980E-01  2.02369E-01  1.59029E+01  5.69016E+00  6.62759E+06
  1.45980E-01  1.92301E-01  1.64018E+01  5.36890E+00  8.54160E+06
  1.40980E-01  1.82664E-01  1.69779E+01  5.07001E+00  1.10650E+07
  1.35980E-01  1.73460E-01  1.76510E+01  4.79323E+00  1.43974E+07
  1.30980E-01  1.64696E-01  1.84362E+01  4.53846E+00  1.88356E+07
  1.25980E-01  1.56371E-01  1.93648E+01  4.30553E+00  2.47770E+07
  1.20980E-01  1.48490E-01  2.04675E+01  4.09452E+00  3.27858E+07
  1.15980E-01  1.41057E-01  2.17893E+01  3.90566E+00  4.36779E+07
  1.10980E-01  1.34072E-01  2.33976E+01  3.73939E+00  5.86525E+07
  1.05980E-01  1.27539E-01  2.53667E+01  3.59646E+00  7.96269E+07
  1.00980E-01  1.21464E-01  2.78346E+01  3.47879E+00  1.09745E+08
  9.59800E-02  1.15848E-01  3.09603E+01  3.38869E+00  1.55325E+08
  9.09800E-02  1.10701E-01  3.50169E+01  3.33094E+00  2.29960E+08
  8.59801E-02  1.06041E-01  4.04375E+01  3.31446E+00  3.69415E+08
  8.09801E-02  1.02232E-01  4.71880E+01  3.35212E+00  6.49809E+08
