  1.28598E+00  1.96841E+00  9.75225E+00  8.56706E+01  4.79048E+00
  1.28098E+00  1.96839E+00  9.76399E+00  8.58148E+01  4.85464E+00
  1.27598E+00  1.96836E+00  9.77582E+00  8.59580E+01  4.92009E+00
  1.27098E+00  1.96829E+00  9.78769E+00  8.61000E+01  4.98700E+00
  1.26598E+00  1.96821E+00  9.79962E+00  8.62410E+01  5.05553E+00
  1.26098E+00  1.96810E+00  9.81156E+00  8.63808E+01  5.12550E+00
  1.25598E+00  1.96796E+00  9.82352E+00  8.65194E+01  5.19727E+00
  1.25098E+00  1.96780E+00  9.83558E+00  8.66567E+01  5.27041E+00
  1.24598E+00  1.96761E+00  9.84766E+00  8.67929E+01  5.34544E+00
  1.24098E+00  1.96739E+00  9.85978E+00  8.69277E+01  5.42230E+00
  1.23598E+00  1.96715E+00  9.87192E+00  8.70612E+01  5.50094E+00
  1.23098E+00  1.96688E+00  9.88413E+00  8.71933E+01  5.58157E+00
  1.22598E+00  1.96658E+00  9.89639E+00  8.73241E+01  5.66372E+00
  1.22098E+00  1.96625E+00  9.90872E+00  8.74533E+01  5.74819E+00
  1.21598E+00  1.96589E+00  9.92105E+00  8.75812E+01  5.83441E+00
  1.21098E+00  1.96551E+00  9.93340E+00  8.77074E+01  5.92301E+00
  1.20598E+00  1.96509E+00  9.94586E+00  8.78321E+01  6.01344E+00
  1.20098E+00  1.96464E+00  9.95833E+00  8.79552E+01  6.10630E+00
  1.19598E+00  1.96416E+00  9.97083E+00  8.80767E+01  6.20161E+00
  1.19098E+00  1.96366E+00  9.98336E+00  8.81965E+01  6.29911E+00
  1.18598E+00  1.96311E+00  9.99597E+00  8.83145E+01  6.39926E+00
  1.18098E+00  1.96254E+00  1.00086E+01  8.84308E+01  6.50148E+00
  1.17598E+00  1.96193E+00  1.00213E+01  8.85452E+01  6.60665E+00
  1.17098E+00  1.96129E+00  1.00340E+01  8.86578E+01  6.71421E+00
  1.16598E+00  1.96062E+00  1.00468E+01  8.87685E+01  6.82491E+00
  1.16098E+00  1.95991E+00  1.00596E+01  8.88772E+01  6.93803E+00
  1.15598E+00  1.95916E+00  1.00725E+01  8.89840E+01  7.05444E+00
  1.15098E+00  1.95838E+00  1.00853E+01  8.90886E+01  7.17368E+00
  1.14598E+00  1.95757E+00  1.00983E+01  8.91912E+01  7.29659E+00
  1.14098E+00  1.95671E+00  1.01112E+01  8.92916E+01  7.42186E+00
  1.13598E+00  1.95582E+00  1.01243E+01  8.93898E+01  7.55086E+00
  1.13098E+00  1.95489E+00  1.01374E+01  8.94858E+01  7.68344E+00
  1.12598E+00  1.95393E+00  1.01504E+01  8.95794E+01  7.81941E+00
  1.12098E+00  1.95292E+00  1.01636E+01  8.96707E+01  7.95937E+00
  1.11598E+00  1.95187E+00  1.01767E+01  8.97596E+01  8.10258E+00
  1.11098E+00  1.95078E+00  1.01900E+01  8.98460E+01  8.25042E+00
  1.10598E+00  1.94965E+00  1.02032E+01  8.99299E+01  8.40199E+00
  1.10098E+00  1.94848E+00  1.02165E+01  9.00112E+01  8.55790E+00
  1.09598E+00  1.94727E+00  1.02298E+01  9.00900E+01  8.71789E+00
  1.09098E+00  1.94601E+00  1.02432E+01  9.01660E+01  8.88278E+00
  1.08598E+00  1.94471E+00  1.02566E+01  9.02393E+01  9.05192E+00
  1.08098E+00  1.94337E+00  1.02701E+01  9.03097E+01  9.22615E+00
  1.07598E+00  1.94198E+00  1.02836E+01  9.03773E+01  9.40515E+00
  1.07098E+00  1.94055E+00  1.02971E+01  9.04419E+01  9.58994E+00
  1.06598E+00  1.93906E+00  1.03106E+01  9.05036E+01  9.77972E+00
  1.06098E+00  1.93753E+00  1.03242E+01  9.05622E+01  9.97502E+00
  1.05598E+00  1.93596E+00  1.03379E+01  9.06178E+01  1.01761E+01
  1.05098E+00  1.93433E+00  1.03515E+01  9.06701E+01  1.03832E+01
  1.04598E+00  1.93266E+00  1.03652E+01  9.07192E+01  1.05965E+01
  1.04098E+00  1.93093E+00  1.03789E+01  9.07649E+01  1.08162E+01
  1.03598E+00  1.92916E+00  1.03927E+01  9.08073E+01  1.10425E+01
  1.03098E+00  1.92733E+00  1.04065E+01  9.08462E+01  1.12760E+01
  1.02598E+00  1.92545E+00  1.04203E+01  9.08817E+01  1.15170E+01
  1.02098E+00  1.92352E+00  1.04342E+01  9.09135E+01  1.17647E+01
  1.01598E+00  1.92153E+00  1.04481E+01  9.09417E+01  1.20209E+01
  1.01098E+00  1.91949E+00  1.04620E+01  9.09661E+01  1.22843E+01
  1.00598E+00  1.91739E+00  1.04760E+01  9.09868E+01  1.25568E+01
  1.00098E+00  1.91524E+00  1.04900E+01  9.10036E+01  1.28371E+01
  9.95980E-01  1.91303E+00  1.05040E+01  9.10164E+01  1.31272E+01
  9.90980E-01  1.91076E+00  1.05180E+01  9.10252E+01  1.34266E+01
  9.85980E-01  1.90843E+00  1.05321E+01  9.10299E+01  1.37356E+01
  9.80980E-01  1.90604E+00  1.05462E+01  9.10304E+01  1.40545E+01
  9.75980E-01  1.90359E+00  1.05603E+01  9.10267E+01  1.43842E+01
  9.70980E-01  1.90108E+00  1.05744E+01  9.10185E+01  1.47250E+01
  9.65980E-01  1.89851E+00  1.05886E+01  9.10060E+01  1.50768E+01
  9.60980E-01  1.89588E+00  1.06028E+01  9.09890E+01  1.54411E+01
  9.55980E-01  1.89318E+00  1.06170E+01  9.09673E+01  1.58174E+01
  9.50980E-01  1.89041E+00  1.06312E+01  9.09410E+01  1.62076E+01
  9.45980E-01  1.88758E+00  1.06455E+01  9.09099E+01  1.66095E+01
  9.40980E-01  1.88468E+00  1.06598E+01  9.08739E+01  1.70266E+01
  9.35980E-01  1.88172E+00  1.06741E+01  9.08330E+01  1.74574E+01
  9.30980E-01  1.87868E+00  1.06884E+01  9.07869E+01  1.79039E+01
  9.25980E-01  1.87558E+00  1.07027E+01  9.07358E+01  1.83667E+01
  9.20980E-01  1.87243E+00  1.07169E+01  9.06798E+01  1.88418E+01
  9.15980E-01  1.86921E+00  1.07310E+01  9.06187E+01  1.93336E+01
  9.10980E-01  1.86593E+00  1.07453E+01  9.05523E+01  1.98405E+01
  9.05980E-01  1.86258E+00  1.07595E+01  9.04805E+01  2.03660E+01
  9.00980E-01  1.85916E+00  1.07736E+01  9.04031E+01  2.09123E+01
  8.95980E-01  1.85566E+00  1.07878E+01  9.03202E+01  2.14763E+01
  8.90980E-01  1.85209E+00  1.08020E+01  9.02316E+01  2.20623E+01
  8.85980E-01  1.84844E+00  1.08161E+01  9.01372E+01  2.26699E+01
  8.80980E-01  1.84471E+00  1.08303E+01  9.00368E+01  2.32997E+01
  8.75980E-01  1.84091E+00  1.08445E+01  8.99306E+01  2.39537E+01
  8.70980E-01  1.83703E+00  1.08587E+01  8.98182E+01  2.46316E+01
  8.65980E-01  1.83307E+00  1.08728E+01  8.96998E+01  2.53366E+01
  8.60980E-01  1.82903E+00  1.08870E+01  8.95750E+01  2.60666E+01
  8.55980E-01  1.82491E+00  1.09011E+01  8.94439E+01  2.68284E+01
  8.50980E-01  1.82070E+00  1.09152E+01  8.93064E+01  2.76194E+01
  8.45980E-01  1.81642E+00  1.09293E+01  8.91623E+01  2.84386E+01
  8.40980E-01  1.81204E+00  1.09435E+01  8.90116E+01  2.92929E+01
  8.35980E-01  1.80758E+00  1.09576E+01  8.88541E+01  3.01804E+01
  8.30980E-01  1.80303E+00  1.09716E+01  8.86898E+01  3.11045E+01
  8.25980E-01  1.79839E+00  1.09857E+01  8.85185E+01  3.20680E+01
  8.20980E-01  1.79366E+00  1.09997E+01  8.83402E+01  3.30706E+01
  8.15980E-01  1.78884E+00  1.10138E+01  8.81548E+01  3.41145E+01
  8.10980E-01  1.78393E+00  1.10278E+01  8.79620E+01  3.52044E+01
  8.05980E-01  1.77892E+00  1.10418E+01  8.77619E+01  3.63381E+01
  8.00980E-01  1.77382E+00  1.10558E+01  8.75543E+01  3.75230E+01
  7.95980E-01  1.76861E+00  1.10697E+01  8.73391E+01  3.87579E+01
  7.90980E-01  1.76332E+00  1.10836E+01  8.71163E+01  4.00469E+01
  7.85980E-01  1.75792E+00  1.10975E+01  8.68858E+01  4.13944E+01
  7.80980E-01  1.75242E+00  1.11114E+01  8.66472E+01  4.28029E+01
  7.75980E-01  1.74681E+00  1.11253E+01  8.64007E+01  4.42725E+01
  7.70980E-01  1.74110E+00  1.11391E+01  8.61460E+01  4.58120E+01
  7.65980E-01  1.73529E+00  1.11529E+01  8.58832E+01  4.74202E+01
  7.60980E-01  1.72937E+00  1.11666E+01  8.56120E+01  4.91054E+01
  7.55980E-01  1.72334E+00  1.11803E+01  8.53323E+01  5.08682E+01
  7.50980E-01  1.71720E+00  1.11941E+01  8.50442E+01  5.27180E+01
  7.45980E-01  1.71095E+00  1.12077E+01  8.47474E+01  5.46519E+01
  7.40980E-01  1.70459E+00  1.12213E+01  8.44418E+01  5.66820E+01
  7.35980E-01  1.69811E+00  1.12349E+01  8.41273E+01  5.88149E+01
  7.30980E-01  1.69152E+00  1.12484E+01  8.38039E+01  6.10520E+01
  7.25980E-01  1.68480E+00  1.12619E+01  8.34714E+01  6.33998E+01
  7.20980E-01  1.67797E+00  1.12754E+01  8.31297E+01  6.58679E+01
  7.15980E-01  1.67102E+00  1.12887E+01  8.27787E+01  6.84645E+01
  7.10980E-01  1.66394E+00  1.13021E+01  8.24183E+01  7.11882E+01
  7.05980E-01  1.65675E+00  1.13154E+01  8.20486E+01  7.40624E+01
  7.00980E-01  1.64942E+00  1.13286E+01  8.16690E+01  7.70898E+01
  6.95980E-01  1.64197E+00  1.13419E+01  8.12799E+01  8.02761E+01
  6.90980E-01  1.63439E+00  1.13550E+01  8.08811E+01  8.36297E+01
  6.85980E-01  1.62668E+00  1.13681E+01  8.04724E+01  8.71713E+01
  6.80980E-01  1.61884E+00  1.13811E+01  8.00535E+01  9.09146E+01
  6.75980E-01  1.61087E+00  1.13940E+01  7.96249E+01  9.48679E+01
  6.70980E-01  1.60276E+00  1.14070E+01  7.91860E+01  9.90303E+01
  6.65980E-01  1.59452E+00  1.14198E+01  7.87370E+01  1.03440E+02
  6.60980E-01  1.58614E+00  1.14326E+01  7.82777E+01  1.08104E+02
  6.55980E-01  1.57761E+00  1.14453E+01  7.78079E+01  1.13046E+02
  6.50980E-01  1.56895E+00  1.14578E+01  7.73279E+01  1.18288E+02
  6.45980E-01  1.56015E+00  1.14705E+01  7.68372E+01  1.23820E+02
  6.40980E-01  1.55121E+00  1.14829E+01  7.63361E+01  1.29701E+02
  6.35980E-01  1.54212E+00  1.14953E+01  7.58244E+01  1.35940E+02
  6.30980E-01  1.53288E+00  1.15076E+01  7.53019E+01  1.42578E+02
  6.25980E-01  1.52350E+00  1.15197E+01  7.47688E+01  1.49633E+02
  6.20980E-01  1.51397E+00  1.15320E+01  7.42250E+01  1.57121E+02
  6.15980E-01  1.50429E+00  1.15440E+01  7.36706E+01  1.65084E+02
  6.10980E-01  1.49446E+00  1.15559E+01  7.31053E+01  1.73574E+02
  6.05980E-01  1.48448E+00  1.15677E+01  7.25292E+01  1.82632E+02
  6.00980E-01  1.47434E+00  1.15795E+01  7.19423E+01  1.92288E+02
  5.95980E-01  1.46406E+00  1.15913E+01  7.13444E+01  2.02606E+02
  5.90980E-01  1.45361E+00  1.16027E+01  7.07358E+01  2.13612E+02
  5.85980E-01  1.44302E+00  1.16143E+01  7.01164E+01  2.25381E+02
  5.80980E-01  1.43227E+00  1.16255E+01  6.94863E+01  2.38010E+02
  5.75980E-01  1.42136E+00  1.16368E+01  6.88454E+01  2.51480E+02
  5.70980E-01  1.41029E+00  1.16479E+01  6.81938E+01  2.65925E+02
  5.65980E-01  1.39907E+00  1.16589E+01  6.75314E+01  2.81424E+02
  5.60980E-01  1.38769E+00  1.16698E+01  6.68585E+01  2.98097E+02
  5.55980E-01  1.37615E+00  1.16806E+01  6.61751E+01  3.15984E+02
  5.50980E-01  1.36445E+00  1.16914E+01  6.54812E+01  3.35215E+02
  5.45980E-01  1.35259E+00  1.17019E+01  6.47769E+01  3.55927E+02
  5.40980E-01  1.34057E+00  1.17123E+01  6.40624E+01  3.78252E+02
  5.35980E-01  1.32840E+00  1.17226E+01  6.33377E+01  4.02318E+02
  5.30980E-01  1.31606E+00  1.17329E+01  6.26029E+01  4.28301E+02
  5.25980E-01  1.30357E+00  1.17429E+01  6.18582E+01  4.56366E+02
  5.20980E-01  1.29092E+00  1.17528E+01  6.11038E+01  4.86745E+02
  5.15980E-01  1.27811E+00  1.17627E+01  6.03398E+01  5.19629E+02
  5.10980E-01  1.26514E+00  1.17725E+01  5.95664E+01  5.55241E+02
  5.05980E-01  1.25202E+00  1.17821E+01  5.87837E+01  5.93898E+02
  5.00980E-01  1.23874E+00  1.17914E+01  5.79920E+01  6.35929E+02
  4.95980E-01  1.22531E+00  1.18009E+01  5.71915E+01  6.81570E+02
  4.90980E-01  1.21172E+00  1.18101E+01  5.63824E+01  7.31254E+02
  4.85980E-01  1.19799E+00  1.18193E+01  5.55650E+01  7.85389E+02
  4.80980E-01  1.18410E+00  1.18282E+01  5.47394E+01  8.44643E+02
  4.75980E-01  1.17007E+00  1.18373E+01  5.39061E+01  9.09099E+02
  4.70980E-01  1.15588E+00  1.18460E+01  5.30652E+01  9.79648E+02
  4.65980E-01  1.14156E+00  1.18548E+01  5.22171E+01  1.05689E+03
  4.60980E-01  1.12709E+00  1.18634E+01  5.13621E+01  1.14170E+03
  4.55980E-01  1.11248E+00  1.18719E+01  5.05005E+01  1.23468E+03
  4.50980E-01  1.09774E+00  1.18805E+01  4.96327E+01  1.33686E+03
  4.45980E-01  1.08286E+00  1.18887E+01  4.87590E+01  1.44964E+03
  4.40980E-01  1.06785E+00  1.18973E+01  4.78799E+01  1.57348E+03
  4.35980E-01  1.05271E+00  1.19055E+01  4.69956E+01  1.71026E+03
  4.30980E-01  1.03745E+00  1.19137E+01  4.61067E+01  1.86163E+03
  4.25980E-01  1.02207E+00  1.19222E+01  4.52135E+01  2.02914E+03
  4.20980E-01  1.00657E+00  1.19304E+01  4.43166E+01  2.21464E+03
  4.15980E-01  9.90957E-01  1.19385E+01  4.34162E+01  2.42046E+03
  4.10980E-01  9.75238E-01  1.19471E+01  4.25131E+01  2.64970E+03
  4.05980E-01  9.59414E-01  1.19554E+01  4.16075E+01  2.90447E+03
  4.00980E-01  9.43490E-01  1.19637E+01  4.06999E+01  3.18880E+03
  3.95980E-01  9.27474E-01  1.19725E+01  3.97910E+01  3.50682E+03
  3.90980E-01  9.11369E-01  1.19812E+01  3.88812E+01  3.86196E+03
  3.85980E-01  8.95181E-01  1.19899E+01  3.79711E+01  4.26066E+03
  3.80980E-01  8.78916E-01  1.19993E+01  3.70612E+01  4.70830E+03
  3.75980E-01  8.62580E-01  1.20085E+01  3.61520E+01  5.21100E+03
  3.70980E-01  8.46180E-01  1.20180E+01  3.52443E+01  5.77950E+03
  3.65980E-01  8.29723E-01  1.20282E+01  3.43385E+01  6.41887E+03
  3.60980E-01  8.13214E-01  1.20386E+01  3.34352E+01  7.14251E+03
  3.55980E-01  7.96661E-01  1.20492E+01  3.25351E+01  7.96409E+03
  3.50980E-01  7.80071E-01  1.20605E+01  3.16386E+01  8.89726E+03
  3.45980E-01  7.63454E-01  1.20724E+01  3.07466E+01  9.95763E+03
  3.40980E-01  7.46814E-01  1.20853E+01  2.98595E+01  1.11683E+04
  3.35980E-01  7.30161E-01  1.20984E+01  2.89779E+01  1.25495E+04
  3.30980E-01  7.13506E-01  1.21124E+01  2.81027E+01  1.41349E+04
  3.25980E-01  6.96852E-01  1.21273E+01  2.72342E+01  1.59542E+04
  3.20980E-01  6.80212E-01  1.21434E+01  2.63733E+01  1.80463E+04
  3.15980E-01  6.63595E-01  1.21612E+01  2.55204E+01  2.04587E+04
  3.10980E-01  6.47010E-01  1.21796E+01  2.46764E+01  2.32476E+04
  3.05980E-01  6.30465E-01  1.21996E+01  2.38417E+01  2.64807E+04
  3.00980E-01  6.13971E-01  1.22212E+01  2.30170E+01  3.02356E+04
  2.95980E-01  5.97535E-01  1.22444E+01  2.22028E+01  3.46177E+04
  2.90980E-01  5.81173E-01  1.22700E+01  2.14000E+01  3.97300E+04
  2.85980E-01  5.64893E-01  1.22973E+01  2.06090E+01  4.57189E+04
  2.80980E-01  5.48704E-01  1.23275E+01  1.98304E+01  5.27497E+04
  2.75980E-01  5.32616E-01  1.23600E+01  1.90647E+01  6.10414E+04
  2.70980E-01  5.16642E-01  1.23961E+01  1.83126E+01  7.08216E+04
  2.65980E-01  5.00791E-01  1.24352E+01  1.75746E+01  8.24087E+04
  2.60980E-01  4.85077E-01  1.24786E+01  1.68512E+01  9.62095E+04
  2.55980E-01  4.69508E-01  1.25257E+01  1.61430E+01  1.12668E+05
  2.50980E-01  4.54097E-01  1.25780E+01  1.54504E+01  1.32294E+05
  2.45980E-01  4.38854E-01  1.26349E+01  1.47738E+01  1.55937E+05
  2.40980E-01  4.23793E-01  1.26980E+01  1.41139E+01  1.84317E+05
  2.35980E-01  4.08922E-01  1.27678E+01  1.34709E+01  2.18690E+05
  2.30980E-01  3.94254E-01  1.28443E+01  1.28452E+01  2.60395E+05
  2.25980E-01  3.79802E-01  1.29292E+01  1.22374E+01  3.11206E+05
  2.20980E-01  3.65574E-01  1.30226E+01  1.16476E+01  3.73275E+05
  2.15980E-01  3.51584E-01  1.31276E+01  1.10762E+01  4.49404E+05
  2.10980E-01  3.37842E-01  1.32440E+01  1.05235E+01  5.43200E+05
  2.05980E-01  3.24359E-01  1.33721E+01  9.98976E+00  6.59339E+05
  2.00980E-01  3.11147E-01  1.35169E+01  9.47521E+00  8.03302E+05
  1.95980E-01  2.98215E-01  1.36785E+01  8.97992E+00  9.83032E+05
  1.90980E-01  2.85574E-01  1.38576E+01  8.50414E+00  1.20843E+06
  1.85980E-01  2.73235E-01  1.40610E+01  8.04806E+00  1.49161E+06
  1.80980E-01  2.61208E-01  1.42895E+01  7.61173E+00  1.85036E+06
  1.75980E-01  2.49503E-01  1.45461E+01  7.19515E+00  2.30564E+06
  1.70980E-01  2.38129E-01  1.48383E+01  6.79850E+00  2.88599E+06
  1.65980E-01  2.27096E-01  1.51697E+01  6.42182E+00  3.63157E+06
  1.60980E-01  2.16413E-01  1.55478E+01  6.06505E+00  4.59212E+06
  1.55980E-01  2.06089E-01  1.59826E+01  5.72825E+00  5.83788E+06
  1.50980E-01  1.96132E-01  1.64801E+01  5.41146E+00  7.46168E+06
  1.45980E-01  1.86551E-01  1.70563E+01  5.11460E+00  9.58928E+06
  1.40980E-01  1.77355E-01  1.77326E+01  4.83796E+00  1.23875E+07
  1.35980E-01  1.68549E-01  1.85242E+01  4.58144E+00  1.60996E+07
  1.30980E-01  1.60142E-01  1.94569E+01  4.34522E+00  2.10677E+07
  1.25980E-01  1.52143E-01  2.05705E+01  4.12975E+00  2.77632E+07
  1.20980E-01  1.44559E-01  2.19144E+01  3.93550E+00  3.68845E+07
  1.15980E-01  1.37399E-01  2.35563E+01  3.76334E+00  4.94969E+07
  1.10980E-01  1.30672E-01  2.55919E+01  3.61462E+00  6.73250E+07
  1.05980E-01  1.24386E-01  2.81468E+01  3.49125E+00  9.34663E+07
  1.00980E-01  1.18553E-01  3.14241E+01  3.39670E+00  1.34109E+08
  9.59801E-02  1.13193E-01  3.57697E+01  3.33778E+00  2.03769E+08
  9.09801E-02  1.08322E-01  4.16935E+01  3.32590E+00  3.45092E+08
  8.59801E-02  1.04007E-01  5.00194E+01  3.38481E+00  7.05358E+08
  8.09800E-02  1.00667E-01  6.07592E+01  3.53905E+00  1.71499E+09
