  1.43098E+00  1.78516E+00  9.47950E+00  6.85595E+01  8.18116E+00
  1.42598E+00  1.78515E+00  9.48909E+00  6.86645E+01  8.26704E+00
  1.42098E+00  1.78513E+00  9.49869E+00  6.87690E+01  8.35473E+00
  1.41598E+00  1.78510E+00  9.50830E+00  6.88732E+01  8.44353E+00
  1.41098E+00  1.78505E+00  9.51800E+00  6.89768E+01  8.53399E+00
  1.40598E+00  1.78498E+00  9.52772E+00  6.90801E+01  8.62656E+00
  1.40098E+00  1.78490E+00  9.53749E+00  6.91829E+01  8.72008E+00
  1.39598E+00  1.78481E+00  9.54725E+00  6.92853E+01  8.81600E+00
  1.39098E+00  1.78470E+00  9.55705E+00  6.93872E+01  8.91365E+00
  1.38598E+00  1.78458E+00  9.56689E+00  6.94886E+01  9.01319E+00
  1.38098E+00  1.78443E+00  9.57681E+00  6.95894E+01  9.11435E+00
  1.37598E+00  1.78428E+00  9.58673E+00  6.96897E+01  9.21744E+00
  1.37098E+00  1.78411E+00  9.59670E+00  6.97895E+01  9.32255E+00
  1.36598E+00  1.78392E+00  9.60670E+00  6.98888E+01  9.42983E+00
  1.36098E+00  1.78371E+00  9.61673E+00  6.99874E+01  9.53944E+00
  1.35598E+00  1.78349E+00  9.62677E+00  7.00855E+01  9.65065E+00
  1.35098E+00  1.78325E+00  9.63688E+00  7.01830E+01  9.76402E+00
  1.34598E+00  1.78300E+00  9.64702E+00  7.02799E+01  9.87972E+00
  1.34098E+00  1.78272E+00  9.65720E+00  7.03760E+01  9.99783E+00
  1.33598E+00  1.78243E+00  9.66739E+00  7.04716E+01  1.01184E+01
  1.33098E+00  1.78212E+00  9.67762E+00  7.05664E+01  1.02415E+01
  1.32598E+00  1.78179E+00  9.68789E+00  7.06607E+01  1.03668E+01
  1.32098E+00  1.78144E+00  9.69821E+00  7.07541E+01  1.04948E+01
  1.31598E+00  1.78108E+00  9.70858E+00  7.08469E+01  1.06249E+01
  1.31098E+00  1.78069E+00  9.71898E+00  7.09389E+01  1.07581E+01
  1.30598E+00  1.78029E+00  9.72940E+00  7.10300E+01  1.08941E+01
  1.30098E+00  1.77987E+00  9.73982E+00  7.11206E+01  1.10328E+01
  1.29598E+00  1.77942E+00  9.75032E+00  7.12101E+01  1.11741E+01
  1.29098E+00  1.77896E+00  9.76087E+00  7.12990E+01  1.13189E+01
  1.28598E+00  1.77847E+00  9.77144E+00  7.13869E+01  1.14659E+01
  1.28098E+00  1.77797E+00  9.78203E+00  7.14741E+01  1.16167E+01
  1.27598E+00  1.77744E+00  9.79265E+00  7.15603E+01  1.17707E+01
  1.27098E+00  1.77689E+00  9.80333E+00  7.16455E+01  1.19279E+01
  1.26598E+00  1.77633E+00  9.81404E+00  7.17300E+01  1.20883E+01
  1.26098E+00  1.77573E+00  9.82480E+00  7.18133E+01  1.22520E+01
  1.25598E+00  1.77512E+00  9.83560E+00  7.18957E+01  1.24195E+01
  1.25098E+00  1.77448E+00  9.84641E+00  7.19772E+01  1.25911E+01
  1.24598E+00  1.77382E+00  9.85723E+00  7.20576E+01  1.27658E+01
  1.24098E+00  1.77314E+00  9.86813E+00  7.21369E+01  1.29444E+01
  1.23598E+00  1.77243E+00  9.87907E+00  7.22153E+01  1.31268E+01
  1.23098E+00  1.77170E+00  9.89002E+00  7.22925E+01  1.33138E+01
  1.22598E+00  1.77095E+00  9.90100E+00  7.23685E+01  1.35051E+01
  1.22098E+00  1.77017E+00  9.91201E+00  7.24435E+01  1.37006E+01
  1.21598E+00  1.76937E+00  9.92311E+00  7.25173E+01  1.39000E+01
  1.21098E+00  1.76853E+00  9.93422E+00  7.25898E+01  1.41046E+01
  1.20598E+00  1.76768E+00  9.94538E+00  7.26612E+01  1.43133E+01
  1.20098E+00  1.76680E+00  9.95657E+00  7.27314E+01  1.45275E+01
  1.19598E+00  1.76589E+00  9.96774E+00  7.28001E+01  1.47462E+01
  1.19098E+00  1.76495E+00  9.97900E+00  7.28677E+01  1.49697E+01
  1.18598E+00  1.76399E+00  9.99030E+00  7.29340E+01  1.51987E+01
  1.18098E+00  1.76300E+00  1.00016E+01  7.29988E+01  1.54335E+01
  1.17598E+00  1.76199E+00  1.00130E+01  7.30622E+01  1.56742E+01
  1.17098E+00  1.76094E+00  1.00243E+01  7.31243E+01  1.59204E+01
  1.16598E+00  1.75987E+00  1.00358E+01  7.31849E+01  1.61719E+01
  1.16098E+00  1.75876E+00  1.00473E+01  7.32441E+01  1.64303E+01
  1.15598E+00  1.75763E+00  1.00588E+01  7.33017E+01  1.66941E+01
  1.15098E+00  1.75647E+00  1.00703E+01  7.33578E+01  1.69654E+01
  1.14598E+00  1.75527E+00  1.00818E+01  7.34124E+01  1.72427E+01
  1.14098E+00  1.75405E+00  1.00934E+01  7.34653E+01  1.75267E+01
  1.13598E+00  1.75279E+00  1.01051E+01  7.35166E+01  1.78179E+01
  1.13098E+00  1.75151E+00  1.01168E+01  7.35662E+01  1.81171E+01
  1.12598E+00  1.75019E+00  1.01284E+01  7.36142E+01  1.84247E+01
  1.12098E+00  1.74884E+00  1.01402E+01  7.36605E+01  1.87383E+01
  1.11598E+00  1.74745E+00  1.01520E+01  7.37049E+01  1.90605E+01
  1.11098E+00  1.74604E+00  1.01638E+01  7.37476E+01  1.93904E+01
  1.10598E+00  1.74458E+00  1.01757E+01  7.37884E+01  1.97300E+01
  1.10098E+00  1.74310E+00  1.01876E+01  7.38275E+01  2.00781E+01
  1.09598E+00  1.74158E+00  1.01995E+01  7.38645E+01  2.04353E+01
  1.09098E+00  1.74002E+00  1.02114E+01  7.38996E+01  2.08018E+01
  1.08598E+00  1.73843E+00  1.02234E+01  7.39328E+01  2.11781E+01
  1.08098E+00  1.73681E+00  1.02354E+01  7.39640E+01  2.15654E+01
  1.07598E+00  1.73514E+00  1.02474E+01  7.39931E+01  2.19626E+01
  1.07098E+00  1.73344E+00  1.02595E+01  7.40201E+01  2.23705E+01
  1.06598E+00  1.73170E+00  1.02716E+01  7.40450E+01  2.27885E+01
  1.06098E+00  1.72993E+00  1.02838E+01  7.40677E+01  2.32192E+01
  1.05598E+00  1.72811E+00  1.02960E+01  7.40883E+01  2.36618E+01
  1.05098E+00  1.72626E+00  1.03082E+01  7.41066E+01  2.41164E+01
  1.04598E+00  1.72436E+00  1.03204E+01  7.41225E+01  2.45835E+01
  1.04098E+00  1.72243E+00  1.03327E+01  7.41362E+01  2.50649E+01
  1.03598E+00  1.72046E+00  1.03450E+01  7.41475E+01  2.55611E+01
  1.03098E+00  1.71844E+00  1.03573E+01  7.41564E+01  2.60688E+01
  1.02598E+00  1.71638E+00  1.03697E+01  7.41629E+01  2.65921E+01
  1.02098E+00  1.71428E+00  1.03821E+01  7.41668E+01  2.71298E+01
  1.01598E+00  1.71214E+00  1.03945E+01  7.41682E+01  2.76851E+01
  1.01098E+00  1.70995E+00  1.04069E+01  7.41670E+01  2.82554E+01
  1.00598E+00  1.70772E+00  1.04195E+01  7.41632E+01  2.88422E+01
  1.00098E+00  1.70545E+00  1.04320E+01  7.41567E+01  2.94468E+01
  9.95980E-01  1.70313E+00  1.04445E+01  7.41475E+01  3.00709E+01
  9.90980E-01  1.70076E+00  1.04570E+01  7.41356E+01  3.07143E+01
  9.85980E-01  1.69835E+00  1.04697E+01  7.41207E+01  3.13749E+01
  9.80980E-01  1.69589E+00  1.04823E+01  7.41030E+01  3.20567E+01
  9.75980E-01  1.69339E+00  1.04950E+01  7.40825E+01  3.27603E+01
  9.70980E-01  1.69083E+00  1.05077E+01  7.40590E+01  3.34856E+01
  9.65980E-01  1.68823E+00  1.05203E+01  7.40323E+01  3.42330E+01
  9.60980E-01  1.68558E+00  1.05331E+01  7.40028E+01  3.50038E+01
  9.55980E-01  1.68288E+00  1.05458E+01  7.39700E+01  3.58010E+01
  9.50980E-01  1.68012E+00  1.05585E+01  7.39341E+01  3.66239E+01
  9.45980E-01  1.67732E+00  1.05714E+01  7.38950E+01  3.74707E+01
  9.40980E-01  1.67446E+00  1.05843E+01  7.38526E+01  3.83459E+01
  9.35980E-01  1.67156E+00  1.05971E+01  7.38070E+01  3.92503E+01
  9.30980E-01  1.66859E+00  1.06099E+01  7.37579E+01  4.01859E+01
  9.25980E-01  1.66558E+00  1.06229E+01  7.37054E+01  4.11497E+01
  9.20980E-01  1.66251E+00  1.06358E+01  7.36494E+01  4.21461E+01
  9.15980E-01  1.65938E+00  1.06487E+01  7.35899E+01  4.31799E+01
  9.10980E-01  1.65620E+00  1.06616E+01  7.35267E+01  4.42466E+01
  9.05980E-01  1.65296E+00  1.06746E+01  7.34599E+01  4.53491E+01
  9.00980E-01  1.64967E+00  1.06876E+01  7.33894E+01  4.64883E+01
  8.95980E-01  1.64632E+00  1.07006E+01  7.33151E+01  4.76715E+01
  8.90980E-01  1.64291E+00  1.07136E+01  7.32371E+01  4.88915E+01
  8.85980E-01  1.63944E+00  1.07267E+01  7.31550E+01  5.01538E+01
  8.80980E-01  1.63590E+00  1.07397E+01  7.30691E+01  5.14648E+01
  8.75980E-01  1.63231E+00  1.07528E+01  7.29791E+01  5.28226E+01
  8.70980E-01  1.62866E+00  1.07658E+01  7.28851E+01  5.42273E+01
  8.65980E-01  1.62494E+00  1.07790E+01  7.27868E+01  5.56828E+01
  8.60980E-01  1.62117E+00  1.07921E+01  7.26845E+01  5.71938E+01
  8.55980E-01  1.61732E+00  1.08051E+01  7.25778E+01  5.87604E+01
  8.50980E-01  1.61342E+00  1.08183E+01  7.24667E+01  6.03853E+01
  8.45980E-01  1.60944E+00  1.08314E+01  7.23513E+01  6.20676E+01
  8.40980E-01  1.60541E+00  1.08445E+01  7.22314E+01  6.38171E+01
  8.35980E-01  1.60130E+00  1.08576E+01  7.21069E+01  6.56318E+01
  8.30980E-01  1.59713E+00  1.08708E+01  7.19779E+01  6.75141E+01
  8.25980E-01  1.59289E+00  1.08839E+01  7.18441E+01  6.94730E+01
  8.20980E-01  1.58858E+00  1.08970E+01  7.17055E+01  7.15073E+01
  8.15980E-01  1.58419E+00  1.09102E+01  7.15622E+01  7.36223E+01
  8.10980E-01  1.57974E+00  1.09233E+01  7.14138E+01  7.58161E+01
  8.05980E-01  1.57522E+00  1.09363E+01  7.12604E+01  7.81039E+01
  8.00980E-01  1.57062E+00  1.09495E+01  7.11019E+01  8.04806E+01
  7.95980E-01  1.56595E+00  1.09626E+01  7.09381E+01  8.29501E+01
  7.90980E-01  1.56126E+00  1.09755E+01  7.07713E+01  8.54943E+01
  7.85980E-01  1.55657E+00  1.09882E+01  7.06013E+01  8.80968E+01
  7.80980E-01  1.55180E+00  1.10009E+01  7.04263E+01  9.08045E+01
  7.75980E-01  1.54697E+00  1.10135E+01  7.02461E+01  9.36277E+01
  7.70980E-01  1.54206E+00  1.10261E+01  7.00607E+01  9.65590E+01
  7.65980E-01  1.53709E+00  1.10387E+01  6.98699E+01  9.96070E+01
  7.60980E-01  1.53204E+00  1.10513E+01  6.96736E+01  1.02777E+02
  7.55980E-01  1.52691E+00  1.10637E+01  6.94719E+01  1.06083E+02
  7.50980E-01  1.52172E+00  1.10762E+01  6.92646E+01  1.09525E+02
  7.45980E-01  1.51644E+00  1.10886E+01  6.90515E+01  1.13107E+02
  7.40980E-01  1.51108E+00  1.11009E+01  6.88325E+01  1.16855E+02
  7.35980E-01  1.50565E+00  1.11133E+01  6.86078E+01  1.20755E+02
  7.30980E-01  1.50013E+00  1.11257E+01  6.83770E+01  1.24823E+02
  7.25980E-01  1.49453E+00  1.11379E+01  6.81401E+01  1.29084E+02
  7.20980E-01  1.48885E+00  1.11501E+01  6.78970E+01  1.33516E+02
  7.15980E-01  1.48308E+00  1.11623E+01  6.76476E+01  1.38158E+02
  7.10980E-01  1.47722E+00  1.11744E+01  6.73916E+01  1.43036E+02
  7.05980E-01  1.47127E+00  1.11865E+01  6.71294E+01  1.48109E+02
  7.00980E-01  1.46523E+00  1.11986E+01  6.68603E+01  1.53430E+02
  6.95980E-01  1.45909E+00  1.12107E+01  6.65845E+01  1.59021E+02
  6.90980E-01  1.45286E+00  1.12226E+01  6.63018E+01  1.64859E+02
  6.85980E-01  1.44653E+00  1.12346E+01  6.60121E+01  1.70987E+02
  6.80980E-01  1.44010E+00  1.12464E+01  6.57154E+01  1.77456E+02
  6.75980E-01  1.43356E+00  1.12583E+01  6.54113E+01  1.84209E+02
  6.70980E-01  1.42692E+00  1.12701E+01  6.50999E+01  1.91319E+02
  6.65980E-01  1.42018E+00  1.12820E+01  6.47812E+01  1.98811E+02
  6.60980E-01  1.41333E+00  1.12936E+01  6.44548E+01  2.06668E+02
  6.55980E-01  1.40637E+00  1.13053E+01  6.41208E+01  2.14955E+02
  6.50980E-01  1.39929E+00  1.13169E+01  6.37789E+01  2.23713E+02
  6.45980E-01  1.39211E+00  1.13286E+01  6.34292E+01  2.32922E+02
  6.40980E-01  1.38480E+00  1.13402E+01  6.30713E+01  2.42639E+02
  6.35980E-01  1.37738E+00  1.13516E+01  6.27055E+01  2.52917E+02
  6.30980E-01  1.36984E+00  1.13632E+01  6.23315E+01  2.63748E+02
  6.25980E-01  1.36218E+00  1.13745E+01  6.19491E+01  2.75250E+02
  6.20980E-01  1.35439E+00  1.13859E+01  6.15582E+01  2.87398E+02
  6.15980E-01  1.34647E+00  1.13973E+01  6.11588E+01  3.00258E+02
  6.10980E-01  1.33843E+00  1.14086E+01  6.07510E+01  3.13902E+02
  6.05980E-01  1.33026E+00  1.14198E+01  6.03343E+01  3.28392E+02
  6.00980E-01  1.32196E+00  1.14309E+01  5.99090E+01  3.43731E+02
  5.95980E-01  1.31353E+00  1.14420E+01  5.94748E+01  3.60069E+02
  5.90980E-01  1.30496E+00  1.14532E+01  5.90318E+01  3.77403E+02
  5.85980E-01  1.29626E+00  1.14642E+01  5.85797E+01  3.95913E+02
  5.80980E-01  1.28741E+00  1.14751E+01  5.81187E+01  4.15580E+02
  5.75980E-01  1.27843E+00  1.14860E+01  5.76486E+01  4.36514E+02
  5.70980E-01  1.26931E+00  1.14968E+01  5.71694E+01  4.58905E+02
  5.65980E-01  1.26005E+00  1.15077E+01  5.66810E+01  4.82776E+02
  5.60980E-01  1.25065E+00  1.15183E+01  5.61836E+01  5.08324E+02
  5.55980E-01  1.24110E+00  1.15290E+01  5.56769E+01  5.35585E+02
  5.50980E-01  1.23141E+00  1.15395E+01  5.51611E+01  5.64911E+02
  5.45980E-01  1.22157E+00  1.15501E+01  5.46362E+01  5.96204E+02
  5.40980E-01  1.21159E+00  1.15606E+01  5.41020E+01  6.29792E+02
  5.35980E-01  1.20145E+00  1.15710E+01  5.35587E+01  6.65847E+02
  5.30980E-01  1.19118E+00  1.15814E+01  5.30063E+01  7.04624E+02
  5.25980E-01  1.18075E+00  1.15916E+01  5.24449E+01  7.46371E+02
  5.20980E-01  1.17017E+00  1.16019E+01  5.18744E+01  7.91241E+02
  5.15980E-01  1.15945E+00  1.16120E+01  5.12950E+01  8.39681E+02
  5.10980E-01  1.14857E+00  1.16222E+01  5.07068E+01  8.91810E+02
  5.05980E-01  1.13755E+00  1.16320E+01  5.01097E+01  9.48352E+02
  5.00980E-01  1.12638E+00  1.16421E+01  4.95041E+01  1.00925E+03
  4.95980E-01  1.11506E+00  1.16519E+01  4.88898E+01  1.07534E+03
  4.90980E-01  1.10360E+00  1.16619E+01  4.82672E+01  1.14677E+03
  4.85980E-01  1.09198E+00  1.16715E+01  4.76362E+01  1.22455E+03
  4.80980E-01  1.08022E+00  1.16815E+01  4.69971E+01  1.30873E+03
  4.75980E-01  1.06831E+00  1.16911E+01  4.63501E+01  1.40047E+03
  4.70980E-01  1.05626E+00  1.17009E+01  4.56952E+01  1.50011E+03
  4.65980E-01  1.04407E+00  1.17104E+01  4.50328E+01  1.60905E+03
  4.60980E-01  1.03173E+00  1.17201E+01  4.43631E+01  1.72765E+03
  4.55980E-01  1.01925E+00  1.17296E+01  4.36861E+01  1.85730E+03
  4.50980E-01  1.00663E+00  1.17392E+01  4.30023E+01  1.99923E+03
  4.45980E-01  9.93882E-01  1.17487E+01  4.23118E+01  2.15485E+03
  4.40980E-01  9.80994E-01  1.17584E+01  4.16149E+01  2.32549E+03
  4.35980E-01  9.67974E-01  1.17680E+01  4.09118E+01  2.51245E+03
  4.30980E-01  9.54824E-01  1.17774E+01  4.02031E+01  2.71892E+03
  4.25980E-01  9.41548E-01  1.17872E+01  3.94888E+01  2.94577E+03
  4.20980E-01  9.28148E-01  1.17969E+01  3.87694E+01  3.19619E+03
  4.15980E-01  9.14626E-01  1.18065E+01  3.80451E+01  3.47312E+03
  4.10980E-01  9.00988E-01  1.18166E+01  3.73163E+01  3.77913E+03
  4.05980E-01  8.87235E-01  1.18265E+01  3.65835E+01  4.11881E+03
  4.00980E-01  8.73371E-01  1.18366E+01  3.58469E+01  4.49538E+03
  3.95980E-01  8.59403E-01  1.18469E+01  3.51071E+01  4.91462E+03
  3.90980E-01  8.45333E-01  1.18573E+01  3.43644E+01  5.38103E+03
  3.85980E-01  8.31164E-01  1.18681E+01  3.36191E+01  5.90108E+03
  3.80980E-01  8.16904E-01  1.18790E+01  3.28719E+01  6.48277E+03
  3.75980E-01  8.02557E-01  1.18902E+01  3.21231E+01  7.13411E+03
  3.70980E-01  7.88126E-01  1.19018E+01  3.13732E+01  7.86388E+03
  3.65980E-01  7.73619E-01  1.19139E+01  3.06226E+01  8.68423E+03
  3.60980E-01  7.59041E-01  1.19263E+01  2.98719E+01  9.60801E+03
  3.55980E-01  7.44397E-01  1.19389E+01  2.91216E+01  1.06515E+04
  3.50980E-01  7.29696E-01  1.19526E+01  2.83723E+01  1.18270E+04
  3.45980E-01  7.14941E-01  1.19665E+01  2.76242E+01  1.31611E+04
  3.40980E-01  7.00140E-01  1.19811E+01  2.68780E+01  1.46744E+04
  3.35980E-01  6.85302E-01  1.19969E+01  2.61345E+01  1.63957E+04
  3.30980E-01  6.70430E-01  1.20131E+01  2.53938E+01  1.83548E+04
  3.25980E-01  6.55535E-01  1.20304E+01  2.46567E+01  2.05948E+04
  3.20980E-01  6.40624E-01  1.20487E+01  2.39237E+01  2.31594E+04
  3.15980E-01  6.25703E-01  1.20680E+01  2.31954E+01  2.61068E+04
  3.10980E-01  6.10782E-01  1.20892E+01  2.24723E+01  2.94941E+04
  3.05980E-01  5.95870E-01  1.21111E+01  2.17550E+01  3.33950E+04
  3.00980E-01  5.80973E-01  1.21353E+01  2.10441E+01  3.79124E+04
  2.95980E-01  5.66103E-01  1.21610E+01  2.03401E+01  4.31448E+04
  2.90980E-01  5.51264E-01  1.21884E+01  1.96436E+01  4.92366E+04
  2.85980E-01  5.36472E-01  1.22183E+01  1.89552E+01  5.63221E+04
  2.80980E-01  5.21732E-01  1.22503E+01  1.82753E+01  6.46100E+04
  2.75980E-01  5.07053E-01  1.22853E+01  1.76046E+01  7.43210E+04
  2.70980E-01  4.92449E-01  1.23232E+01  1.69437E+01  8.57531E+04
  2.65980E-01  4.77925E-01  1.23646E+01  1.62930E+01  9.92108E+04
  2.60980E-01  4.63497E-01  1.24094E+01  1.56531E+01  1.15179E+05
  2.55980E-01  4.49170E-01  1.24586E+01  1.50245E+01  1.34099E+05
  2.50980E-01  4.34955E-01  1.25121E+01  1.44076E+01  1.56589E+05
  2.45980E-01  4.20865E-01  1.25710E+01  1.38030E+01  1.83491E+05
  2.40980E-01  4.06909E-01  1.26353E+01  1.32112E+01  2.15814E+05
  2.35980E-01  3.93099E-01  1.27064E+01  1.26326E+01  2.54579E+05
  2.30980E-01  3.79444E-01  1.27844E+01  1.20676E+01  3.01502E+05
  2.25980E-01  3.65957E-01  1.28700E+01  1.15167E+01  3.58379E+05
  2.20980E-01  3.52649E-01  1.29654E+01  1.09804E+01  4.27542E+05
  2.15980E-01  3.39529E-01  1.30700E+01  1.04589E+01  5.12109E+05
  2.10980E-01  3.26609E-01  1.31866E+01  9.95256E+00  6.15624E+05
  2.05980E-01  3.13901E-01  1.33163E+01  9.46187E+00  7.43705E+05
  2.00980E-01  3.01414E-01  1.34597E+01  8.98694E+00  9.01833E+05
  1.95980E-01  2.89161E-01  1.36209E+01  8.52823E+00  1.09841E+06
  1.90980E-01  2.77152E-01  1.38013E+01  8.08595E+00  1.34420E+06
  1.85980E-01  2.65396E-01  1.40018E+01  7.66023E+00  1.65256E+06
  1.80980E-01  2.53906E-01  1.42305E+01  7.25147E+00  2.04041E+06
  1.75980E-01  2.42691E-01  1.44875E+01  6.85971E+00  2.53352E+06
  1.70980E-01  2.31763E-01  1.47775E+01  6.48521E+00  3.16039E+06
  1.65980E-01  2.21131E-01  1.51079E+01  6.12806E+00  3.96457E+06
  1.60980E-01  2.10807E-01  1.54875E+01  5.78860E+00  4.99657E+06
  1.55980E-01  2.00799E-01  1.59209E+01  5.46670E+00  6.33922E+06
  1.50980E-01  1.91118E-01  1.64225E+01  5.16271E+00  8.08381E+06
  1.45980E-01  1.81773E-01  1.70042E+01  4.87666E+00  1.03723E+07
  1.40980E-01  1.72776E-01  1.76828E+01  4.60882E+00  1.33959E+07
  1.35980E-01  1.64133E-01  1.84839E+01  4.35936E+00  1.74185E+07
  1.30980E-01  1.55857E-01  1.94355E+01  4.12865E+00  2.28110E+07
  1.25980E-01  1.47959E-01  2.05834E+01  3.91729E+00  3.01055E+07
  1.20980E-01  1.40447E-01  2.19762E+01  3.72578E+00  4.01229E+07
  1.15980E-01  1.33334E-01  2.36896E+01  3.55512E+00  5.41262E+07
  1.10980E-01  1.26631E-01  2.58498E+01  3.40714E+00  7.42070E+07
  1.05980E-01  1.20354E-01  2.86059E+01  3.28428E+00  1.04271E+08
  1.00980E-01  1.14520E-01  3.22341E+01  3.19105E+00  1.53036E+08
  9.59800E-02  1.09148E-01  3.71259E+01  3.13474E+00  2.42850E+08
  9.09800E-02  1.04274E-01  4.40508E+01  3.13224E+00  4.47990E+08
  8.59800E-02  9.99458E-02  5.42654E+01  3.21655E+00  1.08136E+09
  8.09800E-02  9.65798E-02  6.88101E+01  3.44916E+00  3.48180E+09
