  1.16098E+00  1.99869E+00  9.92496E+00  9.14986E+01  5.52347E+00
  1.15598E+00  1.99786E+00  9.93743E+00  9.15941E+01  5.61998E+00
  1.15098E+00  1.99698E+00  9.94991E+00  9.16871E+01  5.71961E+00
  1.14598E+00  1.99606E+00  9.96244E+00  9.17773E+01  5.82148E+00
  1.14098E+00  1.99510E+00  9.97505E+00  9.18648E+01  5.92639E+00
  1.13598E+00  1.99409E+00  9.98768E+00  9.19495E+01  6.03380E+00
  1.13098E+00  1.99304E+00  1.00003E+01  9.20313E+01  6.14495E+00
  1.12598E+00  1.99195E+00  1.00130E+01  9.21102E+01  6.25882E+00
  1.12098E+00  1.99081E+00  1.00257E+01  9.21861E+01  6.37619E+00
  1.11598E+00  1.98963E+00  1.00385E+01  9.22589E+01  6.49678E+00
  1.11098E+00  1.98839E+00  1.00513E+01  9.23286E+01  6.62142E+00
  1.10598E+00  1.98711E+00  1.00641E+01  9.23950E+01  6.74911E+00
  1.10098E+00  1.98578E+00  1.00769E+01  9.24583E+01  6.88057E+00
  1.09598E+00  1.98440E+00  1.00898E+01  9.25182E+01  7.01620E+00
  1.09098E+00  1.98297E+00  1.01027E+01  9.25747E+01  7.15580E+00
  1.08598E+00  1.98149E+00  1.01157E+01  9.26276E+01  7.29934E+00
  1.08098E+00  1.97996E+00  1.01287E+01  9.26771E+01  7.44756E+00
  1.07598E+00  1.97837E+00  1.01417E+01  9.27229E+01  7.60056E+00
  1.07098E+00  1.97674E+00  1.01547E+01  9.27650E+01  7.75814E+00
  1.06598E+00  1.97504E+00  1.01678E+01  9.28034E+01  7.92024E+00
  1.06098E+00  1.97329E+00  1.01809E+01  9.28379E+01  8.08721E+00
  1.05598E+00  1.97149E+00  1.01940E+01  9.28684E+01  8.26027E+00
  1.05098E+00  1.96963E+00  1.02071E+01  9.28950E+01  8.43775E+00
  1.04598E+00  1.96771E+00  1.02203E+01  9.29174E+01  8.62186E+00
  1.04098E+00  1.96573E+00  1.02336E+01  9.29357E+01  8.81071E+00
  1.03598E+00  1.96369E+00  1.02467E+01  9.29498E+01  9.00779E+00
  1.03098E+00  1.96159E+00  1.02600E+01  9.29595E+01  9.20975E+00
  1.02598E+00  1.95943E+00  1.02733E+01  9.29648E+01  9.41834E+00
  1.02098E+00  1.95721E+00  1.02866E+01  9.29657E+01  9.63428E+00
  1.01598E+00  1.95492E+00  1.02998E+01  9.29619E+01  9.85698E+00
  1.01098E+00  1.95257E+00  1.03132E+01  9.29535E+01  1.00877E+01
  1.00598E+00  1.95016E+00  1.03266E+01  9.29404E+01  1.03256E+01
  1.00098E+00  1.94767E+00  1.03399E+01  9.29224E+01  1.05729E+01
  9.95980E-01  1.94512E+00  1.03533E+01  9.28995E+01  1.08271E+01
  9.90980E-01  1.94251E+00  1.03668E+01  9.28716E+01  1.10914E+01
  9.85980E-01  1.93982E+00  1.03802E+01  9.28386E+01  1.13641E+01
  9.80980E-01  1.93706E+00  1.03936E+01  9.28004E+01  1.16463E+01
  9.75980E-01  1.93423E+00  1.04071E+01  9.27568E+01  1.19392E+01
  9.70980E-01  1.93133E+00  1.04206E+01  9.27081E+01  1.22417E+01
  9.65980E-01  1.92835E+00  1.04340E+01  9.26538E+01  1.25568E+01
  9.60980E-01  1.92530E+00  1.04475E+01  9.25940E+01  1.28818E+01
  9.55980E-01  1.92217E+00  1.04611E+01  9.25285E+01  1.32186E+01
  9.50980E-01  1.91897E+00  1.04746E+01  9.24573E+01  1.35688E+01
  9.45980E-01  1.91569E+00  1.04881E+01  9.23803E+01  1.39307E+01
  9.40980E-01  1.91233E+00  1.05016E+01  9.22973E+01  1.43076E+01
  9.35980E-01  1.90889E+00  1.05152E+01  9.22083E+01  1.46976E+01
  9.30980E-01  1.90537E+00  1.05287E+01  9.21133E+01  1.51042E+01
  9.25980E-01  1.90176E+00  1.05423E+01  9.20120E+01  1.55249E+01
  9.20980E-01  1.89808E+00  1.05558E+01  9.19044E+01  1.59613E+01
  9.15980E-01  1.89431E+00  1.05694E+01  9.17904E+01  1.64166E+01
  9.10980E-01  1.89045E+00  1.05829E+01  9.16699E+01  1.68879E+01
  9.05980E-01  1.88650E+00  1.05965E+01  9.15429E+01  1.73789E+01
  9.00980E-01  1.88247E+00  1.06100E+01  9.14091E+01  1.78911E+01
  8.95980E-01  1.87835E+00  1.06235E+01  9.12686E+01  1.84207E+01
  8.90980E-01  1.87414E+00  1.06371E+01  9.11212E+01  1.89737E+01
  8.85980E-01  1.86983E+00  1.06506E+01  9.09667E+01  1.95499E+01
  8.80980E-01  1.86544E+00  1.06641E+01  9.08053E+01  2.01477E+01
  8.75980E-01  1.86095E+00  1.06776E+01  9.06366E+01  2.07726E+01
  8.70980E-01  1.85636E+00  1.06911E+01  9.04607E+01  2.14240E+01
  8.65980E-01  1.85168E+00  1.07045E+01  9.02774E+01  2.21011E+01
  8.60980E-01  1.84690E+00  1.07180E+01  9.00866E+01  2.28094E+01
  8.55980E-01  1.84202E+00  1.07314E+01  8.98883E+01  2.35463E+01
  8.50980E-01  1.83704E+00  1.07448E+01  8.96822E+01  2.43149E+01
  8.45980E-01  1.83196E+00  1.07582E+01  8.94684E+01  2.51195E+01
  8.40980E-01  1.82678E+00  1.07716E+01  8.92468E+01  2.59590E+01
  8.35980E-01  1.82149E+00  1.07849E+01  8.90172E+01  2.68342E+01
  8.30980E-01  1.81610E+00  1.07982E+01  8.87795E+01  2.77515E+01
  8.25980E-01  1.81061E+00  1.08115E+01  8.85338E+01  2.87083E+01
  8.20980E-01  1.80500E+00  1.08247E+01  8.82796E+01  2.97079E+01
  8.15980E-01  1.79929E+00  1.08380E+01  8.80172E+01  3.07562E+01
  8.10980E-01  1.79348E+00  1.08510E+01  8.77468E+01  3.18534E+01
  8.05980E-01  1.78759E+00  1.08640E+01  8.74696E+01  3.29884E+01
  8.00980E-01  1.78160E+00  1.08771E+01  8.71838E+01  3.41805E+01
  7.95980E-01  1.77549E+00  1.08899E+01  8.68895E+01  3.54308E+01
  7.90980E-01  1.76927E+00  1.09028E+01  8.65865E+01  3.67352E+01
  7.85980E-01  1.76294E+00  1.09157E+01  8.62748E+01  3.81053E+01
  7.80980E-01  1.75650E+00  1.09284E+01  8.59543E+01  3.95461E+01
  7.75980E-01  1.74994E+00  1.09410E+01  8.56249E+01  4.10517E+01
  7.70980E-01  1.74326E+00  1.09537E+01  8.52864E+01  4.26283E+01
  7.65980E-01  1.73647E+00  1.09662E+01  8.49389E+01  4.42930E+01
  7.60980E-01  1.72956E+00  1.09787E+01  8.45822E+01  4.60366E+01
  7.55980E-01  1.72252E+00  1.09912E+01  8.42163E+01  4.78709E+01
  7.50980E-01  1.71537E+00  1.10035E+01  8.38411E+01  4.97930E+01
  7.45980E-01  1.70809E+00  1.10158E+01  8.34565E+01  5.18223E+01
  7.40980E-01  1.70069E+00  1.10280E+01  8.30625E+01  5.39584E+01
  7.35980E-01  1.69316E+00  1.10401E+01  8.26589E+01  5.61997E+01
  7.30980E-01  1.68551E+00  1.10523E+01  8.22457E+01  5.85634E+01
  7.25980E-01  1.67773E+00  1.10641E+01  8.18229E+01  6.10655E+01
  7.20980E-01  1.66982E+00  1.10760E+01  8.13904E+01  6.36929E+01
  7.15980E-01  1.66178E+00  1.10878E+01  8.09481E+01  6.64647E+01
  7.10980E-01  1.65361E+00  1.10994E+01  8.04959E+01  6.93855E+01
  7.05980E-01  1.64531E+00  1.11111E+01  8.00339E+01  7.24816E+01
  7.00980E-01  1.63687E+00  1.11225E+01  7.95619E+01  7.57582E+01
  6.95980E-01  1.62830E+00  1.11339E+01  7.90799E+01  7.92120E+01
  6.90980E-01  1.61959E+00  1.11452E+01  7.85879E+01  8.28652E+01
  6.85980E-01  1.61075E+00  1.11564E+01  7.80858E+01  8.67241E+01
  6.80980E-01  1.60177E+00  1.11675E+01  7.75735E+01  9.08307E+01
  6.75980E-01  1.59264E+00  1.11784E+01  7.70510E+01  9.51869E+01
  6.70980E-01  1.58338E+00  1.11892E+01  7.65184E+01  9.97946E+01
  6.65980E-01  1.57398E+00  1.12000E+01  7.59755E+01  1.04683E+02
  6.60980E-01  1.56443E+00  1.12105E+01  7.54226E+01  1.09866E+02
  6.55980E-01  1.55474E+00  1.12211E+01  7.48593E+01  1.15372E+02
  6.50980E-01  1.54491E+00  1.12313E+01  7.42857E+01  1.21256E+02
  6.45980E-01  1.53493E+00  1.12416E+01  7.37019E+01  1.27497E+02
  6.40980E-01  1.52480E+00  1.12516E+01  7.31078E+01  1.34148E+02
  6.35980E-01  1.51453E+00  1.12616E+01  7.25034E+01  1.41229E+02
  6.30980E-01  1.50411E+00  1.12715E+01  7.18889E+01  1.48785E+02
  6.25980E-01  1.49354E+00  1.12811E+01  7.12640E+01  1.56840E+02
  6.20980E-01  1.48282E+00  1.12907E+01  7.06290E+01  1.65419E+02
  6.15980E-01  1.47195E+00  1.13000E+01  6.99840E+01  1.74611E+02
  6.10980E-01  1.46093E+00  1.13094E+01  6.93287E+01  1.84444E+02
  6.05980E-01  1.44976E+00  1.13183E+01  6.86632E+01  1.94994E+02
  6.00980E-01  1.43844E+00  1.13273E+01  6.79879E+01  2.06235E+02
  5.95980E-01  1.42696E+00  1.13359E+01  6.73027E+01  2.18316E+02
  5.90980E-01  1.41533E+00  1.13446E+01  6.66074E+01  2.31275E+02
  5.85980E-01  1.40355E+00  1.13530E+01  6.59025E+01  2.45207E+02
  5.80980E-01  1.39162E+00  1.13612E+01  6.51878E+01  2.60139E+02
  5.75980E-01  1.37953E+00  1.13693E+01  6.44636E+01  2.76220E+02
  5.70980E-01  1.36729E+00  1.13773E+01  6.37299E+01  2.93505E+02
  5.65980E-01  1.35490E+00  1.13850E+01  6.29868E+01  3.12181E+02
  5.60980E-01  1.34236E+00  1.13926E+01  6.22345E+01  3.32271E+02
  5.55980E-01  1.32966E+00  1.14000E+01  6.14732E+01  3.53961E+02
  5.50980E-01  1.31681E+00  1.14072E+01  6.07030E+01  3.77371E+02
  5.45980E-01  1.30381E+00  1.14142E+01  5.99240E+01  4.02789E+02
  5.40980E-01  1.29065E+00  1.14211E+01  5.91364E+01  4.30211E+02
  5.35980E-01  1.27735E+00  1.14277E+01  5.83405E+01  4.59947E+02
  5.30980E-01  1.26390E+00  1.14343E+01  5.75363E+01  4.92166E+02
  5.25980E-01  1.25030E+00  1.14406E+01  5.67243E+01  5.27255E+02
  5.20980E-01  1.23655E+00  1.14467E+01  5.59045E+01  5.65284E+02
  5.15980E-01  1.22265E+00  1.14526E+01  5.50773E+01  6.06667E+02
  5.10980E-01  1.20862E+00  1.14585E+01  5.42428E+01  6.51748E+02
  5.05980E-01  1.19443E+00  1.14639E+01  5.34014E+01  7.01046E+02
  5.00980E-01  1.18011E+00  1.14695E+01  5.25533E+01  7.54629E+02
  4.95980E-01  1.16565E+00  1.14745E+01  5.16988E+01  8.13231E+02
  4.90980E-01  1.15105E+00  1.14797E+01  5.08383E+01  8.77567E+02
  4.85980E-01  1.13632E+00  1.14845E+01  4.99720E+01  9.48053E+02
  4.80980E-01  1.12145E+00  1.14891E+01  4.91003E+01  1.02531E+03
  4.75980E-01  1.10646E+00  1.14939E+01  4.82235E+01  1.10998E+03
  4.70980E-01  1.09134E+00  1.14981E+01  4.73421E+01  1.20341E+03
  4.65980E-01  1.07609E+00  1.15025E+01  4.64564E+01  1.30576E+03
  4.60980E-01  1.06072E+00  1.15065E+01  4.55667E+01  1.41911E+03
  4.55980E-01  1.04524E+00  1.15104E+01  4.46736E+01  1.54448E+03
  4.50980E-01  1.02964E+00  1.15143E+01  4.37774E+01  1.68261E+03
  4.45980E-01  1.01393E+00  1.15180E+01  4.28785E+01  1.83547E+03
  4.40980E-01  9.98123E-01  1.15218E+01  4.19774E+01  2.00520E+03
  4.35980E-01  9.82209E-01  1.15252E+01  4.10746E+01  2.19402E+03
  4.30980E-01  9.66198E-01  1.15287E+01  4.01705E+01  2.40357E+03
  4.25980E-01  9.50096E-01  1.15325E+01  3.92657E+01  2.63640E+03
  4.20980E-01  9.33906E-01  1.15356E+01  3.83605E+01  2.89781E+03
  4.15980E-01  9.17634E-01  1.15390E+01  3.74556E+01  3.18885E+03
  4.10980E-01  9.01287E-01  1.15428E+01  3.65514E+01  3.51381E+03
  4.05980E-01  8.84868E-01  1.15459E+01  3.56485E+01  3.88050E+03
  4.00980E-01  8.68386E-01  1.15494E+01  3.47475E+01  4.29032E+03
  3.95980E-01  8.51844E-01  1.15535E+01  3.38487E+01  4.75204E+03
  3.90980E-01  8.35251E-01  1.15572E+01  3.29530E+01  5.27324E+03
  3.85980E-01  8.18612E-01  1.15611E+01  3.20606E+01  5.86011E+03
  3.80980E-01  8.01936E-01  1.15653E+01  3.11725E+01  6.52646E+03
  3.75980E-01  7.85228E-01  1.15701E+01  3.02889E+01  7.27781E+03
  3.70980E-01  7.68495E-01  1.15750E+01  2.94105E+01  8.13526E+03
  3.65980E-01  7.51748E-01  1.15800E+01  2.85380E+01  9.10862E+03
  3.60980E-01  7.34992E-01  1.15858E+01  2.76719E+01  1.02202E+04
  3.55980E-01  7.18235E-01  1.15925E+01  2.68127E+01  1.14886E+04
  3.50980E-01  7.01489E-01  1.15993E+01  2.59612E+01  1.29425E+04
  3.45980E-01  6.84757E-01  1.16068E+01  2.51178E+01  1.46118E+04
  3.40980E-01  6.68051E-01  1.16151E+01  2.42831E+01  1.65306E+04
  3.35980E-01  6.51383E-01  1.16244E+01  2.34580E+01  1.87453E+04
  3.30980E-01  6.34755E-01  1.16349E+01  2.26426E+01  2.13072E+04
  3.25980E-01  6.18182E-01  1.16467E+01  2.18378E+01  2.42655E+04
  3.20980E-01  6.01673E-01  1.16599E+01  2.10441E+01  2.77061E+04
  3.15980E-01  5.85237E-01  1.16739E+01  2.02620E+01  3.17173E+04
  3.10980E-01  5.68883E-01  1.16898E+01  1.94922E+01  3.63965E+04
  3.05980E-01  5.52623E-01  1.17076E+01  1.87350E+01  4.18787E+04
  3.00980E-01  5.36465E-01  1.17275E+01  1.79911E+01  4.83006E+04
  2.95980E-01  5.20422E-01  1.17497E+01  1.72610E+01  5.58784E+04
  2.90980E-01  5.04504E-01  1.17746E+01  1.65452E+01  6.48112E+04
  2.85980E-01  4.88718E-01  1.18022E+01  1.58440E+01  7.53768E+04
  2.80980E-01  4.73080E-01  1.18331E+01  1.51581E+01  8.79405E+04
  2.75980E-01  4.57598E-01  1.18677E+01  1.44878E+01  1.02935E+05
  2.70980E-01  4.42284E-01  1.19065E+01  1.38336E+01  1.20834E+05
  2.65980E-01  4.27149E-01  1.19494E+01  1.31958E+01  1.42272E+05
  2.60980E-01  4.12203E-01  1.19977E+01  1.25748E+01  1.68068E+05
  2.55980E-01  3.97456E-01  1.20515E+01  1.19709E+01  1.99212E+05
  2.50980E-01  3.82921E-01  1.21123E+01  1.13845E+01  2.36923E+05
  2.45980E-01  3.68608E-01  1.21793E+01  1.08158E+01  2.82862E+05
  2.40980E-01  3.54527E-01  1.22541E+01  1.02650E+01  3.38942E+05
  2.35980E-01  3.40689E-01  1.23380E+01  9.73250E+00  4.07451E+05
  2.30980E-01  3.27106E-01  1.24327E+01  9.21840E+00  4.91789E+05
  2.25980E-01  3.13786E-01  1.25396E+01  8.72284E+00  5.95761E+05
  2.20980E-01  3.00743E-01  1.26586E+01  8.24603E+00  7.25094E+05
  2.15980E-01  2.87984E-01  1.27919E+01  7.78800E+00  8.85776E+05
  2.10980E-01  2.75520E-01  1.29434E+01  7.34885E+00  1.08627E+06
  2.05980E-01  2.63360E-01  1.31148E+01  6.92860E+00  1.33857E+06
  2.00980E-01  2.51513E-01  1.33063E+01  6.52721E+00  1.65708E+06
  1.95980E-01  2.39991E-01  1.35274E+01  6.14479E+00  2.05926E+06
  1.90980E-01  2.28801E-01  1.37757E+01  5.78123E+00  2.57318E+06
  1.85980E-01  2.17951E-01  1.40603E+01  5.43646E+00  3.22912E+06
  1.80980E-01  2.07451E-01  1.43857E+01  5.11041E+00  4.07304E+06
  1.75980E-01  1.97307E-01  1.47624E+01  4.80295E+00  5.16086E+06
  1.70980E-01  1.87529E-01  1.51925E+01  4.51402E+00  6.57697E+06
  1.65980E-01  1.78123E-01  1.56981E+01  4.24352E+00  8.42456E+06
  1.60980E-01  1.69098E-01  1.62828E+01  3.99140E+00  1.08544E+07
  1.55980E-01  1.60460E-01  1.69717E+01  3.75752E+00  1.40685E+07
  1.50980E-01  1.52218E-01  1.77914E+01  3.54209E+00  1.83437E+07
  1.45980E-01  1.44377E-01  1.87756E+01  3.34509E+00  2.40703E+07
  1.40980E-01  1.36945E-01  1.99555E+01  3.16666E+00  3.18646E+07
  1.35980E-01  1.29930E-01  2.13980E+01  3.00736E+00  4.25949E+07
  1.30980E-01  1.23340E-01  2.31845E+01  2.86802E+00  5.76575E+07
  1.25980E-01  1.17185E-01  2.54450E+01  2.75012E+00  7.96189E+07
  1.20980E-01  1.11475E-01  2.83533E+01  2.65596E+00  1.13358E+08
  1.15980E-01  1.06224E-01  3.21945E+01  2.58993E+00  1.70452E+08
  1.10980E-01  1.01447E-01  3.73866E+01  2.55925E+00  2.83232E+08
  1.05980E-01  9.71710E-02  4.47664E+01  2.58055E+00  5.64651E+08
  1.00980E-01  9.34400E-02  5.58897E+01  2.69226E+00  1.53425E+09
  9.59801E-02  9.03170E-02  7.39324E+01  2.99796E+00  6.50673E+09
  9.09801E-02  8.79584E-02  1.06435E+02  3.86773E+00  4.95443E+10
  8.59801E-02  8.68125E-02  1.62783E+02  6.49405E+00  5.73140E+11
  8.09801E-02  8.72063E-02  3.20213E+02  2.58751E+01  3.13641E+13
