  1.21098E+00  1.90515E+00  9.55537E+00  8.06507E+01  6.27103E+00
  1.20598E+00  1.90385E+00  9.56650E+00  8.06881E+01  6.38642E+00
  1.20098E+00  1.90251E+00  9.57761E+00  8.07227E+01  6.50581E+00
  1.19598E+00  1.90113E+00  9.58878E+00  8.07546E+01  6.62818E+00
  1.19098E+00  1.89971E+00  9.59995E+00  8.07836E+01  6.75442E+00
  1.18598E+00  1.89824E+00  9.61117E+00  8.08098E+01  6.88363E+00
  1.18098E+00  1.89672E+00  9.62237E+00  8.08330E+01  7.01729E+00
  1.17598E+00  1.89516E+00  9.63361E+00  8.08533E+01  7.15436E+00
  1.17098E+00  1.89356E+00  9.64487E+00  8.08705E+01  7.29612E+00
  1.16598E+00  1.89190E+00  9.65619E+00  8.08846E+01  7.44077E+00
  1.16098E+00  1.89020E+00  9.66747E+00  8.08956E+01  7.59067E+00
  1.15598E+00  1.88845E+00  9.67881E+00  8.09034E+01  7.74451E+00
  1.15098E+00  1.88665E+00  9.69013E+00  8.09079E+01  7.90360E+00
  1.14598E+00  1.88479E+00  9.70151E+00  8.09091E+01  8.06664E+00
  1.14098E+00  1.88289E+00  9.71286E+00  8.09070E+01  8.23552E+00
  1.13598E+00  1.88094E+00  9.72426E+00  8.09014E+01  8.40891E+00
  1.13098E+00  1.87893E+00  9.73566E+00  8.08923E+01  8.58863E+00
  1.12598E+00  1.87687E+00  9.74712E+00  8.08797E+01  8.77231E+00
  1.12098E+00  1.87476E+00  9.75853E+00  8.08635E+01  8.96312E+00
  1.11598E+00  1.87259E+00  9.77000E+00  8.08436E+01  9.15908E+00
  1.11098E+00  1.87037E+00  9.78146E+00  8.08200E+01  9.36185E+00
  1.10598E+00  1.86809E+00  9.79293E+00  8.07926E+01  9.57081E+00
  1.10098E+00  1.86576E+00  9.80441E+00  8.07614E+01  9.78676E+00
  1.09598E+00  1.86337E+00  9.81592E+00  8.07263E+01  1.00089E+01
  1.09098E+00  1.86091E+00  9.82746E+00  8.06872E+01  1.02388E+01
  1.08598E+00  1.85840E+00  9.83897E+00  8.06441E+01  1.04773E+01
  1.08098E+00  1.85583E+00  9.85051E+00  8.05969E+01  1.07216E+01
  1.07598E+00  1.85320E+00  9.86206E+00  8.05456E+01  1.09752E+01
  1.07098E+00  1.85051E+00  9.87362E+00  8.04901E+01  1.12366E+01
  1.06598E+00  1.84775E+00  9.88514E+00  8.04303E+01  1.15082E+01
  1.06098E+00  1.84494E+00  9.89670E+00  8.03661E+01  1.17878E+01
  1.05598E+00  1.84205E+00  9.90829E+00  8.02976E+01  1.20784E+01
  1.05098E+00  1.83911E+00  9.91986E+00  8.02246E+01  1.23774E+01
  1.04598E+00  1.83609E+00  9.93143E+00  8.01471E+01  1.26876E+01
  1.04098E+00  1.83301E+00  9.94301E+00  8.00650E+01  1.30080E+01
  1.03598E+00  1.82987E+00  9.95461E+00  7.99782E+01  1.33403E+01
  1.03098E+00  1.82665E+00  9.96616E+00  7.98867E+01  1.36850E+01
  1.02598E+00  1.82337E+00  9.97774E+00  7.97905E+01  1.40409E+01
  1.02098E+00  1.82001E+00  9.98932E+00  7.96894E+01  1.44115E+01
  1.01598E+00  1.81659E+00  1.00009E+01  7.95834E+01  1.47926E+01
  1.01098E+00  1.81309E+00  1.00125E+01  7.94724E+01  1.51903E+01
  1.00598E+00  1.80952E+00  1.00241E+01  7.93564E+01  1.56009E+01
  1.00098E+00  1.80588E+00  1.00356E+01  7.92353E+01  1.60277E+01
  9.95980E-01  1.80216E+00  1.00472E+01  7.91091E+01  1.64712E+01
  9.90980E-01  1.79837E+00  1.00587E+01  7.89775E+01  1.69301E+01
  9.85980E-01  1.79450E+00  1.00703E+01  7.88408E+01  1.74085E+01
  9.80980E-01  1.79055E+00  1.00818E+01  7.86987E+01  1.79029E+01
  9.75980E-01  1.78653E+00  1.00933E+01  7.85511E+01  1.84176E+01
  9.70980E-01  1.78243E+00  1.01049E+01  7.83981E+01  1.89518E+01
  9.65980E-01  1.77824E+00  1.01164E+01  7.82396E+01  1.95061E+01
  9.60980E-01  1.77398E+00  1.01278E+01  7.80754E+01  2.00849E+01
  9.55980E-01  1.76964E+00  1.01393E+01  7.79056E+01  2.06842E+01
  9.50980E-01  1.76521E+00  1.01508E+01  7.77301E+01  2.13100E+01
  9.45980E-01  1.76070E+00  1.01622E+01  7.75488E+01  2.19626E+01
  9.40980E-01  1.75611E+00  1.01736E+01  7.73616E+01  2.26365E+01
  9.35980E-01  1.75143E+00  1.01850E+01  7.71685E+01  2.33422E+01
  9.30980E-01  1.74666E+00  1.01964E+01  7.69696E+01  2.40759E+01
  9.25980E-01  1.74181E+00  1.02077E+01  7.67645E+01  2.48399E+01
  9.20980E-01  1.73687E+00  1.02190E+01  7.65534E+01  2.56393E+01
  9.15980E-01  1.73184E+00  1.02304E+01  7.63362E+01  2.64683E+01
  9.10980E-01  1.72672E+00  1.02416E+01  7.61128E+01  2.73344E+01
  9.05980E-01  1.72151E+00  1.02529E+01  7.58831E+01  2.82387E+01
  9.00980E-01  1.71621E+00  1.02641E+01  7.56472E+01  2.91808E+01
  8.95980E-01  1.71082E+00  1.02752E+01  7.54049E+01  3.01684E+01
  8.90980E-01  1.70534E+00  1.02864E+01  7.51562E+01  3.11953E+01
  8.85980E-01  1.69976E+00  1.02975E+01  7.49011E+01  3.22687E+01
  8.80980E-01  1.69408E+00  1.03086E+01  7.46394E+01  3.33939E+01
  8.75980E-01  1.68831E+00  1.03196E+01  7.43713E+01  3.45676E+01
  8.70980E-01  1.68245E+00  1.03306E+01  7.40966E+01  3.57932E+01
  8.65980E-01  1.67648E+00  1.03415E+01  7.38152E+01  3.70823E+01
  8.60980E-01  1.67042E+00  1.03525E+01  7.35272E+01  3.84247E+01
  8.55980E-01  1.66426E+00  1.03634E+01  7.32325E+01  3.98308E+01
  8.50980E-01  1.65800E+00  1.03741E+01  7.29310E+01  4.13083E+01
  8.45980E-01  1.65164E+00  1.03849E+01  7.26227E+01  4.28531E+01
  8.40980E-01  1.64518E+00  1.03957E+01  7.23076E+01  4.44706E+01
  8.35980E-01  1.63862E+00  1.04063E+01  7.19856E+01  4.61739E+01
  8.30980E-01  1.63195E+00  1.04169E+01  7.16568E+01  4.79578E+01
  8.25980E-01  1.62518E+00  1.04275E+01  7.13211E+01  4.98273E+01
  8.20980E-01  1.61831E+00  1.04379E+01  7.09784E+01  5.17859E+01
  8.15980E-01  1.61133E+00  1.04484E+01  7.06287E+01  5.38504E+01
  8.10980E-01  1.60425E+00  1.04587E+01  7.02721E+01  5.60170E+01
  8.05980E-01  1.59706E+00  1.04690E+01  6.99084E+01  5.82923E+01
  8.00980E-01  1.58976E+00  1.04793E+01  6.95377E+01  6.06894E+01
  7.95980E-01  1.58236E+00  1.04894E+01  6.91599E+01  6.32117E+01
  7.90980E-01  1.57488E+00  1.04995E+01  6.87764E+01  6.58527E+01
  7.85980E-01  1.56730E+00  1.05095E+01  6.83866E+01  6.86294E+01
  7.80980E-01  1.55961E+00  1.05193E+01  6.79898E+01  7.15644E+01
  7.75980E-01  1.55182E+00  1.05292E+01  6.75861E+01  7.46488E+01
  7.70980E-01  1.54392E+00  1.05389E+01  6.71753E+01  7.78984E+01
  7.65980E-01  1.53591E+00  1.05486E+01  6.67576E+01  8.13161E+01
  7.60980E-01  1.52779E+00  1.05581E+01  6.63328E+01  8.49309E+01
  7.55980E-01  1.51957E+00  1.05676E+01  6.59011E+01  8.87510E+01
  7.50980E-01  1.51123E+00  1.05770E+01  6.54623E+01  9.27710E+01
  7.45980E-01  1.50278E+00  1.05863E+01  6.50167E+01  9.70306E+01
  7.40980E-01  1.49423E+00  1.05955E+01  6.45642E+01  1.01535E+02
  7.35980E-01  1.48556E+00  1.06046E+01  6.41047E+01  1.06299E+02
  7.30980E-01  1.47678E+00  1.06136E+01  6.36384E+01  1.11333E+02
  7.25980E-01  1.46789E+00  1.06225E+01  6.31651E+01  1.16655E+02
  7.20980E-01  1.45889E+00  1.06314E+01  6.26851E+01  1.22306E+02
  7.15980E-01  1.44978E+00  1.06401E+01  6.21983E+01  1.28299E+02
  7.10980E-01  1.44056E+00  1.06487E+01  6.17048E+01  1.34646E+02
  7.05980E-01  1.43122E+00  1.06572E+01  6.12046E+01  1.41376E+02
  7.00980E-01  1.42177E+00  1.06656E+01  6.06975E+01  1.48510E+02
  6.95980E-01  1.41222E+00  1.06739E+01  6.01840E+01  1.56105E+02
  6.90980E-01  1.40255E+00  1.06821E+01  5.96640E+01  1.64179E+02
  6.85980E-01  1.39277E+00  1.06901E+01  5.91375E+01  1.72761E+02
  6.80980E-01  1.38287E+00  1.06980E+01  5.86043E+01  1.81892E+02
  6.75980E-01  1.37287E+00  1.07059E+01  5.80649E+01  1.91601E+02
  6.70980E-01  1.36276E+00  1.07137E+01  5.75194E+01  2.01954E+02
  6.65980E-01  1.35253E+00  1.07213E+01  5.69676E+01  2.12975E+02
  6.60980E-01  1.34219E+00  1.07287E+01  5.64094E+01  2.24737E+02
  6.55980E-01  1.33175E+00  1.07360E+01  5.58455E+01  2.37323E+02
  6.50980E-01  1.32119E+00  1.07433E+01  5.52755E+01  2.50743E+02
  6.45980E-01  1.31052E+00  1.07504E+01  5.46995E+01  2.65052E+02
  6.40980E-01  1.29974E+00  1.07574E+01  5.41180E+01  2.80374E+02
  6.35980E-01  1.28886E+00  1.07642E+01  5.35306E+01  2.96778E+02
  6.30980E-01  1.27787E+00  1.07709E+01  5.29377E+01  3.14297E+02
  6.25980E-01  1.26677E+00  1.07776E+01  5.23394E+01  3.33127E+02
  6.20980E-01  1.25556E+00  1.07841E+01  5.17358E+01  3.53297E+02
  6.15980E-01  1.24425E+00  1.07904E+01  5.11270E+01  3.74931E+02
  6.10980E-01  1.23283E+00  1.07965E+01  5.05132E+01  3.98214E+02
  6.05980E-01  1.22130E+00  1.08027E+01  4.98943E+01  4.23190E+02
  6.00980E-01  1.20968E+00  1.08086E+01  4.92707E+01  4.50085E+02
  5.95980E-01  1.19795E+00  1.08145E+01  4.86425E+01  4.78972E+02
  5.90980E-01  1.18612E+00  1.08202E+01  4.80097E+01  5.10181E+02
  5.85980E-01  1.17419E+00  1.08258E+01  4.73727E+01  5.43783E+02
  5.80980E-01  1.16216E+00  1.08312E+01  4.67314E+01  5.79950E+02
  5.75980E-01  1.15004E+00  1.08365E+01  4.60861E+01  6.19091E+02
  5.70980E-01  1.13781E+00  1.08417E+01  4.54370E+01  6.61351E+02
  5.65980E-01  1.12550E+00  1.08468E+01  4.47842E+01  7.07170E+02
  5.60980E-01  1.11308E+00  1.08518E+01  4.41280E+01  7.56570E+02
  5.55980E-01  1.10058E+00  1.08567E+01  4.34684E+01  8.10226E+02
  5.50980E-01  1.08799E+00  1.08614E+01  4.28057E+01  8.68368E+02
  5.45980E-01  1.07531E+00  1.08661E+01  4.21402E+01  9.31613E+02
  5.40980E-01  1.06254E+00  1.08706E+01  4.14719E+01  1.00013E+03
  5.35980E-01  1.04969E+00  1.08750E+01  4.08012E+01  1.07465E+03
  5.30980E-01  1.03675E+00  1.08793E+01  4.01282E+01  1.15601E+03
  5.25980E-01  1.02374E+00  1.08837E+01  3.94532E+01  1.24433E+03
  5.20980E-01  1.01064E+00  1.08878E+01  3.87763E+01  1.34087E+03
  5.15980E-01  9.97473E-01  1.08919E+01  3.80979E+01  1.44613E+03
  5.10980E-01  9.84229E-01  1.08958E+01  3.74181E+01  1.56131E+03
  5.05980E-01  9.70915E-01  1.08999E+01  3.67372E+01  1.68774E+03
  5.00980E-01  9.57533E-01  1.09038E+01  3.60554E+01  1.82558E+03
  4.95980E-01  9.44085E-01  1.09075E+01  3.53731E+01  1.97701E+03
  4.90980E-01  9.30574E-01  1.09114E+01  3.46904E+01  2.14341E+03
  4.85980E-01  9.17003E-01  1.09152E+01  3.40076E+01  2.32577E+03
  4.80980E-01  9.03375E-01  1.09191E+01  3.33251E+01  2.52643E+03
  4.75980E-01  8.89693E-01  1.09228E+01  3.26429E+01  2.74787E+03
  4.70980E-01  8.75960E-01  1.09267E+01  3.19615E+01  2.99309E+03
  4.65980E-01  8.62181E-01  1.09306E+01  3.12812E+01  3.26227E+03
  4.60980E-01  8.48359E-01  1.09344E+01  3.06021E+01  3.56082E+03
  4.55980E-01  8.34496E-01  1.09387E+01  2.99246E+01  3.89027E+03
  4.50980E-01  8.20597E-01  1.09427E+01  2.92490E+01  4.25642E+03
  4.45980E-01  8.06665E-01  1.09469E+01  2.85756E+01  4.66342E+03
  4.40980E-01  7.92704E-01  1.09515E+01  2.79047E+01  5.11492E+03
  4.35980E-01  7.78721E-01  1.09561E+01  2.72366E+01  5.61771E+03
  4.30980E-01  7.64715E-01  1.09607E+01  2.65715E+01  6.17996E+03
  4.25980E-01  7.50695E-01  1.09659E+01  2.59098E+01  6.80618E+03
  4.20980E-01  7.36662E-01  1.09713E+01  2.52519E+01  7.50459E+03
  4.15980E-01  7.22624E-01  1.09768E+01  2.45979E+01  8.29077E+03
  4.10980E-01  7.08582E-01  1.09830E+01  2.39483E+01  9.17022E+03
  4.05980E-01  6.94543E-01  1.09895E+01  2.33034E+01  1.01561E+04
  4.00980E-01  6.80513E-01  1.09962E+01  2.26634E+01  1.12692E+04
  3.95980E-01  6.66494E-01  1.10038E+01  2.20286E+01  1.25205E+04
  3.90980E-01  6.52493E-01  1.10118E+01  2.13995E+01  1.39353E+04
  3.85980E-01  6.38515E-01  1.10202E+01  2.07763E+01  1.55389E+04
  3.80980E-01  6.24565E-01  1.10299E+01  2.01592E+01  1.73528E+04
  3.75980E-01  6.10649E-01  1.10400E+01  1.95487E+01  1.94067E+04
  3.70980E-01  5.96773E-01  1.10509E+01  1.89450E+01  2.17470E+04
  3.65980E-01  5.82941E-01  1.10630E+01  1.83484E+01  2.44145E+04
  3.60980E-01  5.69161E-01  1.10760E+01  1.77593E+01  2.74603E+04
  3.55980E-01  5.55438E-01  1.10906E+01  1.71779E+01  3.09365E+04
  3.50980E-01  5.41778E-01  1.11059E+01  1.66045E+01  3.49340E+04
  3.45980E-01  5.28188E-01  1.11230E+01  1.60395E+01  3.95088E+04
  3.40980E-01  5.14671E-01  1.11418E+01  1.54831E+01  4.47908E+04
  3.35980E-01  5.01239E-01  1.11620E+01  1.49356E+01  5.08800E+04
  3.30980E-01  4.87891E-01  1.11846E+01  1.43971E+01  5.79139E+04
  3.25980E-01  4.74640E-01  1.12091E+01  1.38681E+01  6.60603E+04
  3.20980E-01  4.61491E-01  1.12359E+01  1.33489E+01  7.55483E+04
  3.15980E-01  4.48447E-01  1.12653E+01  1.28394E+01  8.65744E+04
  3.10980E-01  4.35520E-01  1.12974E+01  1.23403E+01  9.94325E+04
  3.05980E-01  4.22713E-01  1.13331E+01  1.18515E+01  1.14455E+05
  3.00980E-01  4.10033E-01  1.13715E+01  1.13732E+01  1.32140E+05
  2.95980E-01  3.97488E-01  1.14144E+01  1.09058E+01  1.52907E+05
  2.90980E-01  3.85086E-01  1.14611E+01  1.04495E+01  1.77465E+05
  2.85980E-01  3.72832E-01  1.15129E+01  1.00044E+01  2.06358E+05
  2.80980E-01  3.60733E-01  1.15697E+01  9.57067E+00  2.40891E+05
  2.75980E-01  3.48795E-01  1.16322E+01  9.14840E+00  2.81550E+05
  2.70980E-01  3.37027E-01  1.17010E+01  8.73793E+00  3.30284E+05
  2.65980E-01  3.25435E-01  1.17774E+01  8.33926E+00  3.88725E+05
  2.60980E-01  3.14026E-01  1.18612E+01  7.95258E+00  4.58743E+05
  2.55980E-01  3.02805E-01  1.19546E+01  7.57791E+00  5.42783E+05
  2.50980E-01  2.91782E-01  1.20571E+01  7.21546E+00  6.44677E+05
  2.45980E-01  2.80962E-01  1.21711E+01  6.86523E+00  7.67942E+05
  2.40980E-01  2.70351E-01  1.22982E+01  6.52732E+00  9.18045E+05
  2.35980E-01  2.59957E-01  1.24384E+01  6.20178E+00  1.10184E+06
  2.30980E-01  2.49785E-01  1.25949E+01  5.88865E+00  1.32522E+06
  2.25980E-01  2.39843E-01  1.27697E+01  5.58795E+00  1.60132E+06
  2.20980E-01  2.30138E-01  1.29655E+01  5.29974E+00  1.94138E+06
  2.15980E-01  2.20674E-01  1.31851E+01  5.02401E+00  2.36205E+06
  2.10980E-01  2.11460E-01  1.34310E+01  4.76075E+00  2.88656E+06
  2.05980E-01  2.02500E-01  1.37100E+01  4.50995E+00  3.53991E+06
  2.00980E-01  1.93801E-01  1.40244E+01  4.27166E+00  4.36014E+06
  1.95980E-01  1.85369E-01  1.43806E+01  4.04576E+00  5.39357E+06
  1.90980E-01  1.77209E-01  1.47893E+01  3.83232E+00  6.69969E+06
  1.85980E-01  1.69328E-01  1.52550E+01  3.63127E+00  8.35717E+06
  1.80980E-01  1.61733E-01  1.57929E+01  3.44278E+00  1.04786E+07
  1.75980E-01  1.54427E-01  1.64129E+01  3.26675E+00  1.32052E+07
  1.70980E-01  1.47419E-01  1.71399E+01  3.10334E+00  1.67268E+07
  1.65980E-01  1.40711E-01  1.79910E+01  2.95259E+00  2.13022E+07
  1.60980E-01  1.34315E-01  1.89985E+01  2.81498E+00  2.73356E+07
  1.55980E-01  1.28234E-01  2.01991E+01  2.69063E+00  3.53380E+07
  1.50980E-01  1.22474E-01  2.16493E+01  2.58017E+00  4.61536E+07
  1.45980E-01  1.17045E-01  2.34256E+01  2.48456E+00  6.11385E+07
  1.40980E-01  1.11957E-01  2.56324E+01  2.40520E+00  8.26911E+07
  1.35980E-01  1.07217E-01  2.84255E+01  2.34419E+00  1.15385E+08
  1.30980E-01  1.02838E-01  3.20222E+01  2.30497E+00  1.69960E+08
  1.25980E-01  9.88342E-02  3.67896E+01  2.29392E+00  2.74511E+08
  1.20980E-01  9.52285E-02  4.33259E+01  2.32309E+00  5.17675E+08
  1.15980E-01  9.20490E-02  5.26862E+01  2.41763E+00  1.24142E+09
  1.10980E-01  8.93409E-02  6.68927E+01  2.63836E+00  4.14980E+09
  1.05980E-01  8.71857E-02  9.03336E+01  3.16654E+00  2.13889E+10
  1.00980E-01  8.57396E-02  1.34099E+02  4.73015E+00  2.02092E+11
  9.59800E-02  8.55131E-02  2.35534E+02  1.24547E+01  5.41479E+12
  9.09800E-02  8.75996E-02  4.82540E+02  7.79788E+01  4.02265E+14
  8.59800E-02  1.08873E-01  1.96906E+03  9.05873E+03 -6.93981E+15
