  9.30980E-01  2.22063E+00  1.09747E+01  1.25563E+02  5.51992E+00
  9.25980E-01  2.21919E+00  1.09912E+01  1.25686E+02  5.64301E+00
  9.20980E-01  2.21767E+00  1.10077E+01  1.25803E+02  5.77107E+00
  9.15980E-01  2.21607E+00  1.10242E+01  1.25913E+02  5.90307E+00
  9.10980E-01  2.21439E+00  1.10408E+01  1.26016E+02  6.04007E+00
  9.05980E-01  2.21263E+00  1.10574E+01  1.26112E+02  6.18246E+00
  9.00980E-01  2.21078E+00  1.10741E+01  1.26201E+02  6.32955E+00
  8.95980E-01  2.20885E+00  1.10908E+01  1.26282E+02  6.48221E+00
  8.90980E-01  2.20682E+00  1.11076E+01  1.26356E+02  6.64099E+00
  8.85980E-01  2.20471E+00  1.11244E+01  1.26422E+02  6.80521E+00
  8.80980E-01  2.20250E+00  1.11413E+01  1.26479E+02  6.97594E+00
  8.75980E-01  2.20020E+00  1.11582E+01  1.26529E+02  7.15364E+00
  8.70980E-01  2.19781E+00  1.11751E+01  1.26570E+02  7.33752E+00
  8.65980E-01  2.19531E+00  1.11921E+01  1.26603E+02  7.52903E+00
  8.60980E-01  2.19272E+00  1.12091E+01  1.26626E+02  7.72821E+00
  8.55980E-01  2.19002E+00  1.12261E+01  1.26641E+02  7.93505E+00
  8.50980E-01  2.18722E+00  1.12432E+01  1.26646E+02  8.15042E+00
  8.45980E-01  2.18431E+00  1.12603E+01  1.26641E+02  8.37490E+00
  8.40980E-01  2.18130E+00  1.12775E+01  1.26627E+02  8.60782E+00
  8.35980E-01  2.17817E+00  1.12946E+01  1.26603E+02  8.85079E+00
  8.30980E-01  2.17493E+00  1.13119E+01  1.26569E+02  9.10444E+00
  8.25980E-01  2.17158E+00  1.13291E+01  1.26524E+02  9.36801E+00
  8.20980E-01  2.16811E+00  1.13463E+01  1.26468E+02  9.64322E+00
  8.15980E-01  2.16452E+00  1.13636E+01  1.26401E+02  9.93089E+00
  8.10980E-01  2.16081E+00  1.13809E+01  1.26323E+02  1.02300E+01
  8.05980E-01  2.15697E+00  1.13982E+01  1.26234E+02  1.05427E+01
  8.00980E-01  2.15301E+00  1.14155E+01  1.26133E+02  1.08701E+01
  7.95980E-01  2.14892E+00  1.14329E+01  1.26020E+02  1.12108E+01
  7.90980E-01  2.14469E+00  1.14502E+01  1.25895E+02  1.15676E+01
  7.85980E-01  2.14034E+00  1.14675E+01  1.25757E+02  1.19410E+01
  7.80980E-01  2.13584E+00  1.14849E+01  1.25606E+02  1.23319E+01
  7.75980E-01  2.13121E+00  1.15022E+01  1.25443E+02  1.27401E+01
  7.70980E-01  2.12644E+00  1.15196E+01  1.25266E+02  1.31680E+01
  7.65980E-01  2.12152E+00  1.15369E+01  1.25076E+02  1.36166E+01
  7.60980E-01  2.11645E+00  1.15542E+01  1.24871E+02  1.40878E+01
  7.55980E-01  2.11124E+00  1.15715E+01  1.24653E+02  1.45800E+01
  7.50980E-01  2.10588E+00  1.15889E+01  1.24421E+02  1.50973E+01
  7.45980E-01  2.10036E+00  1.16062E+01  1.24174E+02  1.56405E+01
  7.40980E-01  2.09468E+00  1.16235E+01  1.23912E+02  1.62111E+01
  7.35980E-01  2.08884E+00  1.16407E+01  1.23635E+02  1.68115E+01
  7.30980E-01  2.08284E+00  1.16579E+01  1.23342E+02  1.74412E+01
  7.25980E-01  2.07668E+00  1.16751E+01  1.23034E+02  1.81041E+01
  7.20980E-01  2.07034E+00  1.16923E+01  1.22710E+02  1.88022E+01
  7.15980E-01  2.06384E+00  1.17094E+01  1.22370E+02  1.95375E+01
  7.10980E-01  2.05716E+00  1.17265E+01  1.22013E+02  2.03124E+01
  7.05980E-01  2.05030E+00  1.17435E+01  1.21640E+02  2.11288E+01
  7.00980E-01  2.04327E+00  1.17605E+01  1.21250E+02  2.19901E+01
  6.95980E-01  2.03605E+00  1.17774E+01  1.20842E+02  2.28996E+01
  6.90980E-01  2.02865E+00  1.17943E+01  1.20417E+02  2.38608E+01
  6.85980E-01  2.02106E+00  1.18111E+01  1.19975E+02  2.48767E+01
  6.80980E-01  2.01328E+00  1.18278E+01  1.19514E+02  2.59490E+01
  6.75980E-01  2.00530E+00  1.18445E+01  1.19035E+02  2.70841E+01
  6.70980E-01  1.99713E+00  1.18611E+01  1.18538E+02  2.82867E+01
  6.65980E-01  1.98876E+00  1.18776E+01  1.18022E+02  2.95612E+01
  6.60980E-01  1.98019E+00  1.18941E+01  1.17487E+02  3.09136E+01
  6.55980E-01  1.97141E+00  1.19104E+01  1.16933E+02  3.23486E+01
  6.50980E-01  1.96243E+00  1.19267E+01  1.16360E+02  3.38684E+01
  6.45980E-01  1.95323E+00  1.19428E+01  1.15767E+02  3.54837E+01
  6.40980E-01  1.94383E+00  1.19588E+01  1.15155E+02  3.72012E+01
  6.35980E-01  1.93420E+00  1.19747E+01  1.14522E+02  3.90310E+01
  6.30980E-01  1.92436E+00  1.19905E+01  1.13870E+02  4.09764E+01
  6.25980E-01  1.91430E+00  1.20063E+01  1.13197E+02  4.30503E+01
  6.20980E-01  1.90401E+00  1.20218E+01  1.12504E+02  4.52612E+01
  6.15980E-01  1.89350E+00  1.20372E+01  1.11790E+02  4.76226E+01
  6.10980E-01  1.88276E+00  1.20524E+01  1.11055E+02  5.01409E+01
  6.05980E-01  1.87179E+00  1.20676E+01  1.10300E+02  5.28342E+01
  6.00980E-01  1.86059E+00  1.20826E+01  1.09524E+02  5.57135E+01
  5.95980E-01  1.84915E+00  1.20974E+01  1.08727E+02  5.87996E+01
  5.90980E-01  1.83747E+00  1.21121E+01  1.07909E+02  6.21023E+01
  5.85980E-01  1.82556E+00  1.21266E+01  1.07069E+02  6.56473E+01
  5.80980E-01  1.81340E+00  1.21409E+01  1.06208E+02  6.94450E+01
  5.75980E-01  1.80100E+00  1.21550E+01  1.05327E+02  7.35296E+01
  5.70980E-01  1.78835E+00  1.21689E+01  1.04423E+02  7.79185E+01
  5.65980E-01  1.77546E+00  1.21827E+01  1.03499E+02  8.26463E+01
  5.60980E-01  1.76232E+00  1.21962E+01  1.02553E+02  8.77282E+01
  5.55980E-01  1.74893E+00  1.22096E+01  1.01587E+02  9.32161E+01
  5.50980E-01  1.73529E+00  1.22226E+01  1.00599E+02  9.91307E+01
  5.45980E-01  1.72139E+00  1.22356E+01  9.95901E+01  1.05524E+02
  5.40980E-01  1.70725E+00  1.22482E+01  9.85605E+01  1.12436E+02
  5.35980E-01  1.69285E+00  1.22607E+01  9.75099E+01  1.19921E+02
  5.30980E-01  1.67819E+00  1.22729E+01  9.64391E+01  1.28026E+02
  5.25980E-01  1.66328E+00  1.22849E+01  9.53478E+01  1.36819E+02
  5.20980E-01  1.64812E+00  1.22965E+01  9.42359E+01  1.46367E+02
  5.15980E-01  1.63270E+00  1.23079E+01  9.31045E+01  1.56758E+02
  5.10980E-01  1.61702E+00  1.23192E+01  9.19533E+01  1.68052E+02
  5.05980E-01  1.60109E+00  1.23301E+01  9.07827E+01  1.80355E+02
  5.00980E-01  1.58491E+00  1.23407E+01  8.95931E+01  1.93774E+02
  4.95980E-01  1.56847E+00  1.23511E+01  8.83849E+01  2.08423E+02
  4.90980E-01  1.55178E+00  1.23612E+01  8.71583E+01  2.24445E+02
  4.85980E-01  1.53484E+00  1.23709E+01  8.59138E+01  2.41996E+02
  4.80980E-01  1.51765E+00  1.23805E+01  8.46520E+01  2.61231E+02
  4.75980E-01  1.50022E+00  1.23898E+01  8.33731E+01  2.82317E+02
  4.70980E-01  1.48254E+00  1.23986E+01  8.20779E+01  3.05481E+02
  4.65980E-01  1.46461E+00  1.24072E+01  8.07668E+01  3.31003E+02
  4.60980E-01  1.44645E+00  1.24156E+01  7.94404E+01  3.59128E+02
  4.55980E-01  1.42805E+00  1.24236E+01  7.80993E+01  3.90113E+02
  4.50980E-01  1.40942E+00  1.24313E+01  7.67443E+01  4.24365E+02
  4.45980E-01  1.39056E+00  1.24388E+01  7.53758E+01  4.62276E+02
  4.40980E-01  1.37147E+00  1.24459E+01  7.39948E+01  5.04278E+02
  4.35980E-01  1.35216E+00  1.24528E+01  7.26019E+01  5.50902E+02
  4.30980E-01  1.33264E+00  1.24593E+01  7.11979E+01  6.02681E+02
  4.25980E-01  1.31291E+00  1.24656E+01  6.97836E+01  6.60374E+02
  4.20980E-01  1.29297E+00  1.24715E+01  6.83600E+01  7.24673E+02
  4.15980E-01  1.27284E+00  1.24772E+01  6.69277E+01  7.96530E+02
  4.10980E-01  1.25251E+00  1.24827E+01  6.54880E+01  8.76801E+02
  4.05980E-01  1.23200E+00  1.24878E+01  6.40415E+01  9.66854E+02
  4.00980E-01  1.21131E+00  1.24929E+01  6.25893E+01  1.06799E+03
  3.95980E-01  1.19046E+00  1.24976E+01  6.11326E+01  1.18147E+03
  3.90980E-01  1.16944E+00  1.25021E+01  5.96720E+01  1.30959E+03
  3.85980E-01  1.14827E+00  1.25066E+01  5.82090E+01  1.45385E+03
  3.80980E-01  1.12695E+00  1.25107E+01  5.67445E+01  1.61747E+03
  3.75980E-01  1.10550E+00  1.25148E+01  5.52797E+01  1.80222E+03
  3.70980E-01  1.08393E+00  1.25188E+01  5.38154E+01  2.01216E+03
  3.65980E-01  1.06225E+00  1.25225E+01  5.23533E+01  2.25125E+03
  3.60980E-01  1.04046E+00  1.25265E+01  5.08941E+01  2.52352E+03
  3.55980E-01  1.01858E+00  1.25304E+01  4.94392E+01  2.83487E+03
  3.50980E-01  9.96616E-01  1.25343E+01  4.79897E+01  3.19050E+03
  3.45980E-01  9.74590E-01  1.25384E+01  4.65470E+01  3.59906E+03
  3.40980E-01  9.52508E-01  1.25425E+01  4.51121E+01  4.06896E+03
  3.35980E-01  9.30387E-01  1.25471E+01  4.36865E+01  4.60972E+03
  3.30980E-01  9.08235E-01  1.25519E+01  4.22711E+01  5.23526E+03
  3.25980E-01  8.86071E-01  1.25571E+01  4.08674E+01  5.95944E+03
  3.20980E-01  8.63905E-01  1.25626E+01  3.94764E+01  6.79998E+03
  3.15980E-01  8.41755E-01  1.25689E+01  3.80996E+01  7.77756E+03
  3.10980E-01  8.19634E-01  1.25758E+01  3.67380E+01  8.91944E+03
  3.05980E-01  7.97558E-01  1.25834E+01  3.53928E+01  1.02548E+04
  3.00980E-01  7.75543E-01  1.25922E+01  3.40653E+01  1.18215E+04
  2.95980E-01  7.53603E-01  1.26020E+01  3.27565E+01  1.36663E+04
  2.90980E-01  7.31757E-01  1.26131E+01  3.14678E+01  1.58419E+04
  2.85980E-01  7.10021E-01  1.26256E+01  3.02001E+01  1.84164E+04
  2.80980E-01  6.88408E-01  1.26399E+01  2.89544E+01  2.14707E+04
  2.75980E-01  6.66939E-01  1.26559E+01  2.77319E+01  2.51068E+04
  2.70980E-01  6.45631E-01  1.26742E+01  2.65338E+01  2.94553E+04
  2.65980E-01  6.24498E-01  1.26950E+01  2.53607E+01  3.46561E+04
  2.60980E-01  6.03561E-01  1.27187E+01  2.42138E+01  4.09167E+04
  2.55980E-01  5.82831E-01  1.27451E+01  2.30936E+01  4.84704E+04
  2.50980E-01  5.62335E-01  1.27756E+01  2.20015E+01  5.76222E+04
  2.45980E-01  5.42080E-01  1.28099E+01  2.09377E+01  6.87093E+04
  2.40980E-01  5.22090E-01  1.28484E+01  1.99033E+01  8.22693E+04
  2.35980E-01  5.02379E-01  1.28926E+01  1.88988E+01  9.88625E+04
  2.30980E-01  4.82965E-01  1.29422E+01  1.79247E+01  1.19205E+05
  2.25980E-01  4.63864E-01  1.29987E+01  1.69817E+01  1.44361E+05
  2.20980E-01  4.45096E-01  1.30623E+01  1.60703E+01  1.75450E+05
  2.15980E-01  4.26672E-01  1.31341E+01  1.51907E+01  2.14189E+05
  2.10980E-01  4.08611E-01  1.32155E+01  1.43433E+01  2.62572E+05
  2.05980E-01  3.90929E-01  1.33082E+01  1.35285E+01  3.23125E+05
  2.00980E-01  3.73637E-01  1.34121E+01  1.27462E+01  3.99672E+05
  1.95980E-01  3.56754E-01  1.35311E+01  1.19966E+01  4.96438E+05
  1.90980E-01  3.40292E-01  1.36658E+01  1.12799E+01  6.19439E+05
  1.85980E-01  3.24264E-01  1.38184E+01  1.05959E+01  7.76851E+05
  1.80980E-01  3.08683E-01  1.39919E+01  9.94450E+00  9.78686E+05
  1.75980E-01  2.93562E-01  1.41906E+01  9.32560E+00  1.23947E+06
  1.70980E-01  2.78913E-01  1.44166E+01  8.73907E+00  1.57682E+06
  1.65980E-01  2.64745E-01  1.46764E+01  8.18447E+00  2.01703E+06
  1.60980E-01  2.51069E-01  1.49741E+01  7.66160E+00  2.59484E+06
  1.55980E-01  2.37894E-01  1.53166E+01  7.16996E+00  3.35501E+06
  1.50980E-01  2.25229E-01  1.57137E+01  6.70925E+00  4.36221E+06
  1.45980E-01  2.13082E-01  1.61766E+01  6.27914E+00  5.70455E+06
  1.40980E-01  2.01461E-01  1.67151E+01  5.87909E+00  7.50358E+06
  1.35980E-01  1.90370E-01  1.73479E+01  5.50870E+00  9.92497E+06
  1.30980E-01  1.79816E-01  1.80954E+01  5.16758E+00  1.32045E+07
  1.25980E-01  1.69802E-01  1.89871E+01  4.85540E+00  1.76912E+07
  1.20980E-01  1.60338E-01  2.00611E+01  4.57223E+00  2.38611E+07
  1.15980E-01  1.51422E-01  2.13640E+01  4.31775E+00  3.24054E+07
  1.10980E-01  1.43061E-01  2.29634E+01  4.09245E+00  4.44239E+07
  1.05980E-01  1.35261E-01  2.49641E+01  3.89733E+00  6.16365E+07
  1.00980E-01  1.28026E-01  2.75124E+01  3.73394E+00  8.70659E+07
  9.59800E-02  1.21362E-01  3.08187E+01  3.60542E+00  1.26437E+08
  9.09800E-02  1.15279E-01  3.52161E+01  3.51756E+00  1.93929E+08
  8.59800E-02  1.09790E-01  4.13013E+01  3.48218E+00  3.30433E+08
  8.09800E-02  1.04988E-01  5.00115E+01  3.52645E+00  6.85201E+08
