  1.21098E+00  1.96581E+00  1.01776E+01  9.01608E+01  7.28585E+00
  1.20598E+00  1.96580E+00  1.01892E+01  9.03182E+01  7.37492E+00
  1.20098E+00  1.96577E+00  1.02008E+01  9.04747E+01  7.46636E+00
  1.19598E+00  1.96572E+00  1.02125E+01  9.06302E+01  7.55957E+00
  1.19098E+00  1.96565E+00  1.02243E+01  9.07849E+01  7.65466E+00
  1.18598E+00  1.96555E+00  1.02361E+01  9.09387E+01  7.75223E+00
  1.18098E+00  1.96543E+00  1.02479E+01  9.10912E+01  7.85164E+00
  1.17598E+00  1.96528E+00  1.02598E+01  9.12430E+01  7.95364E+00
  1.17098E+00  1.96511E+00  1.02717E+01  9.13935E+01  8.05788E+00
  1.16598E+00  1.96492E+00  1.02837E+01  9.15429E+01  8.16414E+00
  1.16098E+00  1.96470E+00  1.02957E+01  9.16914E+01  8.27318E+00
  1.15598E+00  1.96445E+00  1.03078E+01  9.18384E+01  8.38454E+00
  1.15098E+00  1.96417E+00  1.03199E+01  9.19843E+01  8.49883E+00
  1.14598E+00  1.96387E+00  1.03321E+01  9.21290E+01  8.61559E+00
  1.14098E+00  1.96354E+00  1.03443E+01  9.22724E+01  8.73495E+00
  1.13598E+00  1.96319E+00  1.03565E+01  9.24143E+01  8.85745E+00
  1.13098E+00  1.96280E+00  1.03688E+01  9.25549E+01  8.98270E+00
  1.12598E+00  1.96238E+00  1.03812E+01  9.26940E+01  9.11102E+00
  1.12098E+00  1.96194E+00  1.03936E+01  9.28317E+01  9.24246E+00
  1.11598E+00  1.96146E+00  1.04061E+01  9.29679E+01  9.37676E+00
  1.11098E+00  1.96096E+00  1.04185E+01  9.31025E+01  9.51445E+00
  1.10598E+00  1.96042E+00  1.04310E+01  9.32353E+01  9.65575E+00
  1.10098E+00  1.95985E+00  1.04436E+01  9.33665E+01  9.80094E+00
  1.09598E+00  1.95925E+00  1.04563E+01  9.34961E+01  9.94891E+00
  1.09098E+00  1.95861E+00  1.04689E+01  9.36239E+01  1.01015E+01
  1.08598E+00  1.95795E+00  1.04816E+01  9.37498E+01  1.02571E+01
  1.08098E+00  1.95724E+00  1.04944E+01  9.38738E+01  1.04173E+01
  1.07598E+00  1.95650E+00  1.05072E+01  9.39959E+01  1.05815E+01
  1.07098E+00  1.95573E+00  1.05201E+01  9.41160E+01  1.07494E+01
  1.06598E+00  1.95492E+00  1.05330E+01  9.42342E+01  1.09220E+01
  1.06098E+00  1.95408E+00  1.05459E+01  9.43501E+01  1.10992E+01
  1.05598E+00  1.95319E+00  1.05588E+01  9.44638E+01  1.12815E+01
  1.05098E+00  1.95227E+00  1.05719E+01  9.45755E+01  1.14676E+01
  1.04598E+00  1.95131E+00  1.05849E+01  9.46848E+01  1.16598E+01
  1.04098E+00  1.95031E+00  1.05981E+01  9.47918E+01  1.18563E+01
  1.03598E+00  1.94927E+00  1.06112E+01  9.48963E+01  1.20587E+01
  1.03098E+00  1.94819E+00  1.06244E+01  9.49985E+01  1.22665E+01
  1.02598E+00  1.94707E+00  1.06377E+01  9.50980E+01  1.24794E+01
  1.02098E+00  1.94591E+00  1.06509E+01  9.51950E+01  1.26985E+01
  1.01598E+00  1.94470E+00  1.06642E+01  9.52892E+01  1.29240E+01
  1.01098E+00  1.94345E+00  1.06776E+01  9.53808E+01  1.31561E+01
  1.00598E+00  1.94216E+00  1.06910E+01  9.54695E+01  1.33941E+01
  1.00098E+00  1.94082E+00  1.07044E+01  9.55554E+01  1.36390E+01
  9.95980E-01  1.93943E+00  1.07179E+01  9.56382E+01  1.38911E+01
  9.90980E-01  1.93800E+00  1.07314E+01  9.57180E+01  1.41512E+01
  9.85980E-01  1.93652E+00  1.07450E+01  9.57948E+01  1.44175E+01
  9.80980E-01  1.93499E+00  1.07586E+01  9.58685E+01  1.46921E+01
  9.75980E-01  1.93341E+00  1.07722E+01  9.59387E+01  1.49749E+01
  9.70980E-01  1.93178E+00  1.07859E+01  9.60057E+01  1.52668E+01
  9.65980E-01  1.93010E+00  1.07996E+01  9.60692E+01  1.55664E+01
  9.60980E-01  1.92837E+00  1.08133E+01  9.61292E+01  1.58756E+01
  9.55980E-01  1.92659E+00  1.08271E+01  9.61857E+01  1.61937E+01
  9.50980E-01  1.92475E+00  1.08409E+01  9.62383E+01  1.65228E+01
  9.45980E-01  1.92286E+00  1.08548E+01  9.62871E+01  1.68603E+01
  9.40980E-01  1.92091E+00  1.08686E+01  9.63322E+01  1.72089E+01
  9.35980E-01  1.91891E+00  1.08825E+01  9.63733E+01  1.75691E+01
  9.30980E-01  1.91685E+00  1.08964E+01  9.64103E+01  1.79407E+01
  9.25980E-01  1.91473E+00  1.09104E+01  9.64433E+01  1.83233E+01
  9.20980E-01  1.91255E+00  1.09244E+01  9.64718E+01  1.87184E+01
  9.15980E-01  1.91031E+00  1.09384E+01  9.64961E+01  1.91272E+01
  9.10980E-01  1.90801E+00  1.09525E+01  9.65158E+01  1.95487E+01
  9.05980E-01  1.90565E+00  1.09665E+01  9.65311E+01  1.99836E+01
  9.00980E-01  1.90322E+00  1.09806E+01  9.65416E+01  2.04326E+01
  8.95980E-01  1.90073E+00  1.09947E+01  9.65473E+01  2.08983E+01
  8.90980E-01  1.89817E+00  1.10088E+01  9.65482E+01  2.13775E+01
  8.85980E-01  1.89555E+00  1.10230E+01  9.65440E+01  2.18751E+01
  8.80980E-01  1.89285E+00  1.10371E+01  9.65347E+01  2.23881E+01
  8.75980E-01  1.89009E+00  1.10513E+01  9.65200E+01  2.29203E+01
  8.70980E-01  1.88726E+00  1.10656E+01  9.65002E+01  2.34690E+01
  8.65980E-01  1.88436E+00  1.10798E+01  9.64746E+01  2.40372E+01
  8.60980E-01  1.88138E+00  1.10939E+01  9.64434E+01  2.46277E+01
  8.55980E-01  1.87833E+00  1.11082E+01  9.64065E+01  2.52368E+01
  8.50980E-01  1.87520E+00  1.11224E+01  9.63636E+01  2.58696E+01
  8.45980E-01  1.87200E+00  1.11367E+01  9.63146E+01  2.65238E+01
  8.40980E-01  1.86871E+00  1.11509E+01  9.62592E+01  2.72036E+01
  8.35980E-01  1.86535E+00  1.11652E+01  9.61975E+01  2.79060E+01
  8.30980E-01  1.86190E+00  1.11794E+01  9.61290E+01  2.86352E+01
  8.25980E-01  1.85847E+00  1.11932E+01  9.60558E+01  2.93746E+01
  8.20980E-01  1.85497E+00  1.12070E+01  9.59763E+01  3.01330E+01
  8.15980E-01  1.85140E+00  1.12208E+01  9.58902E+01  3.09207E+01
  8.10980E-01  1.84775E+00  1.12344E+01  9.57974E+01  3.17335E+01
  8.05980E-01  1.84402E+00  1.12481E+01  9.56976E+01  3.25787E+01
  8.00980E-01  1.84021E+00  1.12617E+01  9.55908E+01  3.34511E+01
  7.95980E-01  1.83632E+00  1.12753E+01  9.54768E+01  3.43562E+01
  7.90980E-01  1.83235E+00  1.12887E+01  9.53553E+01  3.52991E+01
  7.85980E-01  1.82829E+00  1.13022E+01  9.52265E+01  3.62730E+01
  7.80980E-01  1.82414E+00  1.13157E+01  9.50899E+01  3.72866E+01
  7.75980E-01  1.81990E+00  1.13291E+01  9.49455E+01  3.83399E+01
  7.70980E-01  1.81557E+00  1.13426E+01  9.47932E+01  3.94344E+01
  7.65980E-01  1.81114E+00  1.13559E+01  9.46326E+01  4.05718E+01
  7.60980E-01  1.80661E+00  1.13692E+01  9.44636E+01  4.17558E+01
  7.55980E-01  1.80198E+00  1.13825E+01  9.42861E+01  4.29918E+01
  7.50980E-01  1.79725E+00  1.13957E+01  9.41000E+01  4.42771E+01
  7.45980E-01  1.79241E+00  1.14089E+01  9.39049E+01  4.56184E+01
  7.40980E-01  1.78747E+00  1.14222E+01  9.37005E+01  4.70207E+01
  7.35980E-01  1.78241E+00  1.14353E+01  9.34869E+01  4.84794E+01
  7.30980E-01  1.77724E+00  1.14485E+01  9.32637E+01  5.00053E+01
  7.25980E-01  1.77194E+00  1.14615E+01  9.30307E+01  5.16067E+01
  7.20980E-01  1.76653E+00  1.14746E+01  9.27877E+01  5.32755E+01
  7.15980E-01  1.76099E+00  1.14877E+01  9.25345E+01  5.50237E+01
  7.10980E-01  1.75533E+00  1.15007E+01  9.22708E+01  5.68600E+01
  7.05980E-01  1.74953E+00  1.15137E+01  9.19964E+01  5.87807E+01
  7.00980E-01  1.74361E+00  1.15266E+01  9.17112E+01  6.07947E+01
  6.95980E-01  1.73754E+00  1.15395E+01  9.14149E+01  6.29173E+01
  6.90980E-01  1.73134E+00  1.15524E+01  9.11071E+01  6.51394E+01
  6.85980E-01  1.72499E+00  1.15653E+01  9.07877E+01  6.74780E+01
  6.80980E-01  1.71850E+00  1.15781E+01  9.04567E+01  6.99441E+01
  6.75980E-01  1.71186E+00  1.15909E+01  9.01134E+01  7.25308E+01
  6.70980E-01  1.70507E+00  1.16036E+01  8.97580E+01  7.52620E+01
  6.65980E-01  1.69812E+00  1.16163E+01  8.93901E+01  7.81421E+01
  6.60980E-01  1.69101E+00  1.16290E+01  8.90093E+01  8.11768E+01
  6.55980E-01  1.68374E+00  1.16416E+01  8.86157E+01  8.43832E+01
  6.50980E-01  1.67631E+00  1.16542E+01  8.82088E+01  8.77770E+01
  6.45980E-01  1.66871E+00  1.16666E+01  8.77888E+01  9.13563E+01
  6.40980E-01  1.66094E+00  1.16790E+01  8.73551E+01  9.51520E+01
  6.35980E-01  1.65300E+00  1.16914E+01  8.69077E+01  9.91657E+01
  6.30980E-01  1.64488E+00  1.17037E+01  8.64462E+01  1.03423E+02
  6.25980E-01  1.63659E+00  1.17160E+01  8.59707E+01  1.07943E+02
  6.20980E-01  1.62811E+00  1.17282E+01  8.54809E+01  1.12730E+02
  6.15980E-01  1.61945E+00  1.17402E+01  8.49766E+01  1.17817E+02
  6.10980E-01  1.61061E+00  1.17522E+01  8.44576E+01  1.23227E+02
  6.05980E-01  1.60157E+00  1.17641E+01  8.39239E+01  1.28990E+02
  6.00980E-01  1.59235E+00  1.17760E+01  8.33753E+01  1.35129E+02
  5.95980E-01  1.58293E+00  1.17877E+01  8.28117E+01  1.41655E+02
  5.90980E-01  1.57332E+00  1.17992E+01  8.22329E+01  1.48628E+02
  5.85980E-01  1.56350E+00  1.18108E+01  8.16387E+01  1.56063E+02
  5.80980E-01  1.55349E+00  1.18222E+01  8.10293E+01  1.64012E+02
  5.75980E-01  1.54328E+00  1.18335E+01  8.04045E+01  1.72505E+02
  5.70980E-01  1.53287E+00  1.18447E+01  7.97641E+01  1.81594E+02
  5.65980E-01  1.52225E+00  1.18557E+01  7.91084E+01  1.91349E+02
  5.60980E-01  1.51143E+00  1.18666E+01  7.84369E+01  2.01791E+02
  5.55980E-01  1.50040E+00  1.18773E+01  7.77500E+01  2.13011E+02
  5.50980E-01  1.48916E+00  1.18879E+01  7.70473E+01  2.25035E+02
  5.45980E-01  1.47771E+00  1.18983E+01  7.63291E+01  2.37987E+02
  5.40980E-01  1.46605E+00  1.19086E+01  7.55954E+01  2.51904E+02
  5.35980E-01  1.45417E+00  1.19188E+01  7.48461E+01  2.66920E+02
  5.30980E-01  1.44209E+00  1.19288E+01  7.40814E+01  2.83084E+02
  5.25980E-01  1.42979E+00  1.19385E+01  7.33013E+01  3.00542E+02
  5.20980E-01  1.41728E+00  1.19482E+01  7.25060E+01  3.19418E+02
  5.15980E-01  1.40456E+00  1.19576E+01  7.16954E+01  3.39849E+02
  5.10980E-01  1.39162E+00  1.19669E+01  7.08701E+01  3.61930E+02
  5.05980E-01  1.37847E+00  1.19758E+01  7.00298E+01  3.85899E+02
  5.00980E-01  1.36510E+00  1.19848E+01  6.91748E+01  4.11893E+02
  4.95980E-01  1.35153E+00  1.19934E+01  6.83054E+01  4.40160E+02
  4.90980E-01  1.33774E+00  1.20019E+01  6.74219E+01  4.70866E+02
  4.85980E-01  1.32374E+00  1.20100E+01  6.65243E+01  5.04355E+02
  4.80980E-01  1.30953E+00  1.20181E+01  6.56131E+01  5.40813E+02
  4.75980E-01  1.29511E+00  1.20260E+01  6.46884E+01  5.80665E+02
  4.70980E-01  1.28049E+00  1.20336E+01  6.37507E+01  6.24110E+02
  4.65980E-01  1.26566E+00  1.20409E+01  6.28002E+01  6.71759E+02
  4.60980E-01  1.25062E+00  1.20480E+01  6.18374E+01  7.23975E+02
  4.55980E-01  1.23539E+00  1.20550E+01  6.08625E+01  7.81258E+02
  4.50980E-01  1.21996E+00  1.20616E+01  5.98761E+01  8.44259E+02
  4.45980E-01  1.20433E+00  1.20682E+01  5.88785E+01  9.13480E+02
  4.40980E-01  1.18851E+00  1.20745E+01  5.78703E+01  9.89835E+02
  4.35980E-01  1.17250E+00  1.20804E+01  5.68518E+01  1.07395E+03
  4.30980E-01  1.15630E+00  1.20863E+01  5.58236E+01  1.16703E+03
  4.25980E-01  1.13993E+00  1.20919E+01  5.47863E+01  1.27015E+03
  4.20980E-01  1.12337E+00  1.20974E+01  5.37404E+01  1.38408E+03
  4.15980E-01  1.10664E+00  1.21024E+01  5.26864E+01  1.51092E+03
  4.10980E-01  1.08975E+00  1.21075E+01  5.16250E+01  1.65198E+03
  4.05980E-01  1.07269E+00  1.21124E+01  5.05569E+01  1.80873E+03
  4.00980E-01  1.05547E+00  1.21169E+01  4.94825E+01  1.98405E+03
  3.95980E-01  1.03809E+00  1.21215E+01  4.84027E+01  2.17997E+03
  3.90980E-01  1.02058E+00  1.21260E+01  4.73181E+01  2.39884E+03
  3.85980E-01  1.00292E+00  1.21300E+01  4.62295E+01  2.64491E+03
  3.80980E-01  9.85125E-01  1.21342E+01  4.51375E+01  2.92152E+03
  3.75980E-01  9.67206E-01  1.21382E+01  4.40429E+01  3.23222E+03
  3.70980E-01  9.49167E-01  1.21422E+01  4.29466E+01  3.58339E+03
  3.65980E-01  9.31016E-01  1.21463E+01  4.18492E+01  3.97973E+03
  3.60980E-01  9.12762E-01  1.21501E+01  4.07516E+01  4.42952E+03
  3.55980E-01  8.94410E-01  1.21542E+01  3.96546E+01  4.93909E+03
  3.50980E-01  8.75973E-01  1.21584E+01  3.85591E+01  5.51873E+03
  3.45980E-01  8.57456E-01  1.21624E+01  3.74659E+01  6.17989E+03
  3.40980E-01  8.38872E-01  1.21670E+01  3.63759E+01  6.93573E+03
  3.35980E-01  8.20228E-01  1.21714E+01  3.52899E+01  7.80022E+03
  3.30980E-01  8.01533E-01  1.21764E+01  3.42089E+01  8.79303E+03
  3.25980E-01  7.82801E-01  1.21819E+01  3.31337E+01  9.93324E+03
  3.20980E-01  7.64040E-01  1.21875E+01  3.20653E+01  1.12513E+04
  3.15980E-01  7.45260E-01  1.21938E+01  3.10044E+01  1.27746E+04
  3.10980E-01  7.26475E-01  1.22007E+01  2.99521E+01  1.45403E+04
  3.05980E-01  7.07693E-01  1.22084E+01  2.89091E+01  1.65957E+04
  3.00980E-01  6.88931E-01  1.22167E+01  2.78767E+01  1.89887E+04
  2.95980E-01  6.70196E-01  1.22263E+01  2.68553E+01  2.17867E+04
  2.90980E-01  6.51504E-01  1.22370E+01  2.58461E+01  2.50655E+04
  2.85980E-01  6.32865E-01  1.22491E+01  2.48499E+01  2.89253E+04
  2.80980E-01  6.14294E-01  1.22625E+01  2.38676E+01  3.34799E+04
  2.75980E-01  5.95804E-01  1.22778E+01  2.29001E+01  3.88648E+04
  2.70980E-01  5.77406E-01  1.22949E+01  2.19480E+01  4.52656E+04
  2.65980E-01  5.59116E-01  1.23144E+01  2.10124E+01  5.28831E+04
  2.60980E-01  5.40947E-01  1.23363E+01  2.00939E+01  6.19975E+04
  2.55980E-01  5.22915E-01  1.23612E+01  1.91936E+01  7.29295E+04
  2.50980E-01  5.05032E-01  1.23891E+01  1.83119E+01  8.60923E+04
  2.45980E-01  4.87311E-01  1.24212E+01  1.74496E+01  1.02015E+05
  2.40980E-01  4.69769E-01  1.24571E+01  1.66074E+01  1.21334E+05
  2.35980E-01  4.52419E-01  1.24979E+01  1.57861E+01  1.44866E+05
  2.30980E-01  4.35276E-01  1.25437E+01  1.49862E+01  1.73657E+05
  2.25980E-01  4.18357E-01  1.25956E+01  1.42084E+01  2.09141E+05
  2.20980E-01  4.01674E-01  1.26551E+01  1.34532E+01  2.52766E+05
  2.15980E-01  3.85241E-01  1.27215E+01  1.27210E+01  3.07015E+05
  2.10980E-01  3.69076E-01  1.27982E+01  1.20125E+01  3.74491E+05
  2.05980E-01  3.53190E-01  1.28838E+01  1.13278E+01  4.59132E+05
  2.00980E-01  3.37600E-01  1.29817E+01  1.06675E+01  5.65649E+05
  1.95980E-01  3.22319E-01  1.30943E+01  1.00320E+01  7.00115E+05
  1.90980E-01  3.07362E-01  1.32214E+01  9.42138E+00  8.71635E+05
  1.85980E-01  2.92742E-01  1.33669E+01  8.83588E+00  1.09074E+06
  1.80980E-01  2.78474E-01  1.35331E+01  8.27581E+00  1.37314E+06
  1.75980E-01  2.64571E-01  1.37258E+01  7.74124E+00  1.73747E+06
  1.70980E-01  2.51047E-01  1.39465E+01  7.23226E+00  2.21375E+06
  1.65980E-01  2.37915E-01  1.42007E+01  6.74884E+00  2.83723E+06
  1.60980E-01  2.25187E-01  1.44966E+01  6.29106E+00  3.65903E+06
  1.55980E-01  2.12876E-01  1.48426E+01  5.85890E+00  4.75256E+06
  1.50980E-01  2.00995E-01  1.52458E+01  5.45226E+00  6.21678E+06
  1.45980E-01  1.89556E-01  1.57237E+01  5.07109E+00  8.18920E+06
  1.40980E-01  1.78570E-01  1.62934E+01  4.71527E+00  1.08618E+07
  1.35980E-01  1.68050E-01  1.69733E+01  4.38481E+00  1.45330E+07
  1.30980E-01  1.58008E-01  1.77966E+01  4.07968E+00  1.96118E+07
  1.25980E-01  1.48454E-01  1.88015E+01  3.79992E+00  2.67291E+07
  1.20980E-01  1.39402E-01  2.00518E+01  3.54587E+00  3.67999E+07
  1.15980E-01  1.30867E-01  2.16313E+01  3.31816E+00  5.13016E+07
  1.10980E-01  1.22859E-01  2.36665E+01  3.11767E+00  7.26986E+07
  1.05980E-01  1.15398E-01  2.63535E+01  2.94667E+00  1.05658E+08
  1.00980E-01  1.08504E-01  3.00277E+01  2.80906E+00  1.60362E+08
  9.59800E-02  1.02202E-01  3.52400E+01  2.71241E+00  2.66150E+08
  9.09800E-02  9.65345E-02  4.31343E+01  2.67518E+00  5.38882E+08
  8.59800E-02  9.15651E-02  5.61031E+01  2.74608E+00  1.66683E+09
  8.09800E-02  8.74147E-02  8.02913E+01  3.09803E+00  1.07959E+10
