  1.38598E+00  1.89453E+00  9.39116E+00  7.64524E+01  4.82672E+00
  1.38098E+00  1.89451E+00  9.40156E+00  7.65706E+01  4.88573E+00
  1.37598E+00  1.89448E+00  9.41203E+00  7.66880E+01  4.94636E+00
  1.37098E+00  1.89442E+00  9.42252E+00  7.68045E+01  5.00814E+00
  1.36598E+00  1.89435E+00  9.43301E+00  7.69202E+01  5.07124E+00
  1.36098E+00  1.89425E+00  9.44358E+00  7.70349E+01  5.13581E+00
  1.35598E+00  1.89413E+00  9.45416E+00  7.71488E+01  5.20149E+00
  1.35098E+00  1.89400E+00  9.46479E+00  7.72617E+01  5.26871E+00
  1.34598E+00  1.89384E+00  9.47547E+00  7.73737E+01  5.33751E+00
  1.34098E+00  1.89365E+00  9.48615E+00  7.74846E+01  5.40753E+00
  1.33598E+00  1.89345E+00  9.49690E+00  7.75946E+01  5.47940E+00
  1.33098E+00  1.89322E+00  9.50767E+00  7.77035E+01  5.55232E+00
  1.32598E+00  1.89297E+00  9.51849E+00  7.78114E+01  5.62724E+00
  1.32098E+00  1.89270E+00  9.52935E+00  7.79181E+01  5.70371E+00
  1.31598E+00  1.89240E+00  9.54019E+00  7.80237E+01  5.78191E+00
  1.31098E+00  1.89208E+00  9.55111E+00  7.81282E+01  5.86197E+00
  1.30598E+00  1.89173E+00  9.56206E+00  7.82315E+01  5.94353E+00
  1.30098E+00  1.89136E+00  9.57304E+00  7.83336E+01  6.02718E+00
  1.29598E+00  1.89097E+00  9.58407E+00  7.84344E+01  6.11276E+00
  1.29098E+00  1.89054E+00  9.59511E+00  7.85340E+01  6.20010E+00
  1.28598E+00  1.89010E+00  9.60621E+00  7.86322E+01  6.28975E+00
  1.28098E+00  1.88962E+00  9.61734E+00  7.87292E+01  6.38089E+00
  1.27598E+00  1.88912E+00  9.62853E+00  7.88248E+01  6.47475E+00
  1.27098E+00  1.88859E+00  9.63972E+00  7.89190E+01  6.57046E+00
  1.26598E+00  1.88804E+00  9.65093E+00  7.90117E+01  6.66850E+00
  1.26098E+00  1.88745E+00  9.66218E+00  7.91030E+01  6.76904E+00
  1.25598E+00  1.88684E+00  9.67348E+00  7.91929E+01  6.87166E+00
  1.25098E+00  1.88620E+00  9.68484E+00  7.92812E+01  6.97714E+00
  1.24598E+00  1.88553E+00  9.69619E+00  7.93679E+01  7.08476E+00
  1.24098E+00  1.88483E+00  9.70760E+00  7.94530E+01  7.19545E+00
  1.23598E+00  1.88410E+00  9.71904E+00  7.95366E+01  7.30814E+00
  1.23098E+00  1.88334E+00  9.73053E+00  7.96184E+01  7.42402E+00
  1.22598E+00  1.88255E+00  9.74204E+00  7.96986E+01  7.54271E+00
  1.22098E+00  1.88172E+00  9.75356E+00  7.97770E+01  7.66431E+00
  1.21598E+00  1.88087E+00  9.76513E+00  7.98536E+01  7.78904E+00
  1.21098E+00  1.87998E+00  9.77671E+00  7.99285E+01  7.91675E+00
  1.20598E+00  1.87906E+00  9.78838E+00  8.00015E+01  8.04807E+00
  1.20098E+00  1.87810E+00  9.80003E+00  8.00726E+01  8.18222E+00
  1.19598E+00  1.87711E+00  9.81175E+00  8.01417E+01  8.32031E+00
  1.19098E+00  1.87609E+00  9.82349E+00  8.02089E+01  8.46126E+00
  1.18598E+00  1.87503E+00  9.83528E+00  8.02741E+01  8.60629E+00
  1.18098E+00  1.87394E+00  9.84708E+00  8.03373E+01  8.75496E+00
  1.17598E+00  1.87281E+00  9.85889E+00  8.03984E+01  8.90764E+00
  1.17098E+00  1.87164E+00  9.87074E+00  8.04573E+01  9.06454E+00
  1.16598E+00  1.87044E+00  9.88264E+00  8.05141E+01  9.22515E+00
  1.16098E+00  1.86920E+00  9.89460E+00  8.05686E+01  9.39059E+00
  1.15598E+00  1.86792E+00  9.90653E+00  8.06209E+01  9.55999E+00
  1.15098E+00  1.86661E+00  9.91854E+00  8.06709E+01  9.73454E+00
  1.14598E+00  1.86525E+00  9.93055E+00  8.07186E+01  9.91274E+00
  1.14098E+00  1.86385E+00  9.94263E+00  8.07638E+01  1.00969E+01
  1.13598E+00  1.86242E+00  9.95467E+00  8.08066E+01  1.02856E+01
  1.13098E+00  1.86094E+00  9.96679E+00  8.08470E+01  1.04798E+01
  1.12598E+00  1.85942E+00  9.97892E+00  8.08848E+01  1.06791E+01
  1.12098E+00  1.85786E+00  9.99109E+00  8.09200E+01  1.08844E+01
  1.11598E+00  1.85626E+00  1.00033E+01  8.09526E+01  1.10956E+01
  1.11098E+00  1.85461E+00  1.00155E+01  8.09826E+01  1.13127E+01
  1.10598E+00  1.85292E+00  1.00278E+01  8.10098E+01  1.15356E+01
  1.10098E+00  1.85119E+00  1.00401E+01  8.10342E+01  1.17650E+01
  1.09598E+00  1.84941E+00  1.00524E+01  8.10559E+01  1.20011E+01
  1.09098E+00  1.84759E+00  1.00647E+01  8.10746E+01  1.22443E+01
  1.08598E+00  1.84571E+00  1.00770E+01  8.10904E+01  1.24949E+01
  1.08098E+00  1.84380E+00  1.00894E+01  8.11033E+01  1.27525E+01
  1.07598E+00  1.84183E+00  1.01018E+01  8.11131E+01  1.30182E+01
  1.07098E+00  1.83982E+00  1.01143E+01  8.11199E+01  1.32913E+01
  1.06598E+00  1.83776E+00  1.01267E+01  8.11235E+01  1.35731E+01
  1.06098E+00  1.83564E+00  1.01392E+01  8.11240E+01  1.38633E+01
  1.05598E+00  1.83348E+00  1.01517E+01  8.11212E+01  1.41623E+01
  1.05098E+00  1.83127E+00  1.01642E+01  8.11151E+01  1.44709E+01
  1.04598E+00  1.82901E+00  1.01768E+01  8.11057E+01  1.47889E+01
  1.04098E+00  1.82669E+00  1.01894E+01  8.10928E+01  1.51169E+01
  1.03598E+00  1.82432E+00  1.02020E+01  8.10765E+01  1.54556E+01
  1.03098E+00  1.82190E+00  1.02146E+01  8.10567E+01  1.58049E+01
  1.02598E+00  1.81942E+00  1.02272E+01  8.10333E+01  1.61640E+01
  1.02098E+00  1.81689E+00  1.02399E+01  8.10062E+01  1.65364E+01
  1.01598E+00  1.81430E+00  1.02525E+01  8.09755E+01  1.69200E+01
  1.01098E+00  1.81166E+00  1.02652E+01  8.09410E+01  1.73169E+01
  1.00598E+00  1.80896E+00  1.02779E+01  8.09027E+01  1.77253E+01
  1.00098E+00  1.80620E+00  1.02907E+01  8.08606E+01  1.81493E+01
  9.95980E-01  1.80338E+00  1.03034E+01  8.08145E+01  1.85859E+01
  9.90980E-01  1.80050E+00  1.03161E+01  8.07644E+01  1.90386E+01
  9.85980E-01  1.79757E+00  1.03289E+01  8.07102E+01  1.95042E+01
  9.80980E-01  1.79457E+00  1.03417E+01  8.06520E+01  1.99877E+01
  9.75980E-01  1.79151E+00  1.03545E+01  8.05895E+01  2.04865E+01
  9.70980E-01  1.78839E+00  1.03673E+01  8.05228E+01  2.10041E+01
  9.65980E-01  1.78520E+00  1.03801E+01  8.04518E+01  2.15390E+01
  9.60980E-01  1.78195E+00  1.03929E+01  8.03764E+01  2.20928E+01
  9.55980E-01  1.77864E+00  1.04058E+01  8.02966E+01  2.26672E+01
  9.50980E-01  1.77526E+00  1.04186E+01  8.02123E+01  2.32591E+01
  9.45980E-01  1.77181E+00  1.04315E+01  8.01234E+01  2.38743E+01
  9.40980E-01  1.76830E+00  1.04443E+01  8.00298E+01  2.45114E+01
  9.35980E-01  1.76472E+00  1.04572E+01  7.99315E+01  2.51724E+01
  9.30980E-01  1.76108E+00  1.04700E+01  7.98288E+01  2.58547E+01
  9.25980E-01  1.75738E+00  1.04828E+01  7.97215E+01  2.65623E+01
  9.20980E-01  1.75361E+00  1.04956E+01  7.96093E+01  2.72943E+01
  9.15980E-01  1.74977E+00  1.05084E+01  7.94922E+01  2.80513E+01
  9.10980E-01  1.74586E+00  1.05213E+01  7.93701E+01  2.88393E+01
  9.05980E-01  1.74188E+00  1.05340E+01  7.92430E+01  2.96560E+01
  9.00980E-01  1.73783E+00  1.05468E+01  7.91107E+01  3.05058E+01
  8.95980E-01  1.73370E+00  1.05596E+01  7.89732E+01  3.13887E+01
  8.90980E-01  1.72949E+00  1.05723E+01  7.88304E+01  3.23024E+01
  8.85980E-01  1.72521E+00  1.05851E+01  7.86823E+01  3.32555E+01
  8.80980E-01  1.72086E+00  1.05979E+01  7.85289E+01  3.42406E+01
  8.75980E-01  1.71643E+00  1.06107E+01  7.83700E+01  3.52687E+01
  8.70980E-01  1.71192E+00  1.06233E+01  7.82055E+01  3.63380E+01
  8.65980E-01  1.70733E+00  1.06360E+01  7.80355E+01  3.74477E+01
  8.60980E-01  1.70267E+00  1.06488E+01  7.78597E+01  3.86074E+01
  8.55980E-01  1.69792E+00  1.06614E+01  7.76783E+01  3.98091E+01
  8.50980E-01  1.69309E+00  1.06741E+01  7.74911E+01  4.10618E+01
  8.45980E-01  1.68818E+00  1.06868E+01  7.72981E+01  4.23693E+01
  8.40980E-01  1.68318E+00  1.06994E+01  7.70991E+01  4.37286E+01
  8.35980E-01  1.67811E+00  1.07120E+01  7.68941E+01  4.51474E+01
  8.30980E-01  1.67294E+00  1.07246E+01  7.66831E+01  4.66279E+01
  8.25980E-01  1.66769E+00  1.07372E+01  7.64659E+01  4.81678E+01
  8.20980E-01  1.66236E+00  1.07497E+01  7.62426E+01  4.97771E+01
  8.15980E-01  1.65694E+00  1.07623E+01  7.60131E+01  5.14569E+01
  8.10980E-01  1.65142E+00  1.07747E+01  7.57772E+01  5.32087E+01
  8.05980E-01  1.64582E+00  1.07872E+01  7.55349E+01  5.50404E+01
  8.00980E-01  1.64013E+00  1.07996E+01  7.52862E+01  5.69542E+01
  7.95980E-01  1.63435E+00  1.08120E+01  7.50311E+01  5.89547E+01
  7.90980E-01  1.62847E+00  1.08244E+01  7.47693E+01  6.10507E+01
  7.85980E-01  1.62251E+00  1.08367E+01  7.45010E+01  6.32344E+01
  7.80980E-01  1.61644E+00  1.08490E+01  7.42260E+01  6.55241E+01
  7.75980E-01  1.61029E+00  1.08612E+01  7.39441E+01  6.79222E+01
  7.70980E-01  1.60403E+00  1.08734E+01  7.36556E+01  7.04333E+01
  7.65980E-01  1.59769E+00  1.08856E+01  7.33601E+01  7.30650E+01
  7.60980E-01  1.59124E+00  1.08977E+01  7.30577E+01  7.58240E+01
  7.55980E-01  1.58469E+00  1.09099E+01  7.27484E+01  7.87172E+01
  7.50980E-01  1.57805E+00  1.09218E+01  7.24320E+01  8.17500E+01
  7.45980E-01  1.57130E+00  1.09338E+01  7.21085E+01  8.49370E+01
  7.40980E-01  1.56445E+00  1.09457E+01  7.17780E+01  8.82842E+01
  7.35980E-01  1.55750E+00  1.09576E+01  7.14402E+01  9.17932E+01
  7.30980E-01  1.55045E+00  1.09694E+01  7.10952E+01  9.54853E+01
  7.25980E-01  1.54329E+00  1.09813E+01  7.07429E+01  9.93722E+01
  7.20980E-01  1.53603E+00  1.09929E+01  7.03832E+01  1.03462E+02
  7.15980E-01  1.52866E+00  1.10045E+01  7.00162E+01  1.07760E+02
  7.10980E-01  1.52119E+00  1.10161E+01  6.96418E+01  1.12295E+02
  7.05980E-01  1.51360E+00  1.10277E+01  6.92598E+01  1.17074E+02
  7.00980E-01  1.50591E+00  1.10392E+01  6.88705E+01  1.22098E+02
  6.95980E-01  1.49811E+00  1.10505E+01  6.84735E+01  1.27401E+02
  6.90980E-01  1.49020E+00  1.10618E+01  6.80690E+01  1.33001E+02
  6.85980E-01  1.48218E+00  1.10731E+01  6.76569E+01  1.38920E+02
  6.80980E-01  1.47404E+00  1.10843E+01  6.72370E+01  1.45172E+02
  6.75980E-01  1.46580E+00  1.10954E+01  6.68096E+01  1.51756E+02
  6.70980E-01  1.45743E+00  1.11064E+01  6.63745E+01  1.58742E+02
  6.65980E-01  1.44896E+00  1.11173E+01  6.59316E+01  1.66136E+02
  6.60980E-01  1.44037E+00  1.11283E+01  6.54810E+01  1.73962E+02
  6.55980E-01  1.43166E+00  1.11390E+01  6.50228E+01  1.82255E+02
  6.50980E-01  1.42284E+00  1.11497E+01  6.45566E+01  1.91020E+02
  6.45980E-01  1.41390E+00  1.11603E+01  6.40827E+01  2.00343E+02
  6.40980E-01  1.40484E+00  1.11708E+01  6.36011E+01  2.10241E+02
  6.35980E-01  1.39567E+00  1.11813E+01  6.31116E+01  2.20755E+02
  6.30980E-01  1.38637E+00  1.11917E+01  6.26145E+01  2.31923E+02
  6.25980E-01  1.37696E+00  1.12020E+01  6.21094E+01  2.43766E+02
  6.20980E-01  1.36742E+00  1.12120E+01  6.15967E+01  2.56410E+02
  6.15980E-01  1.35776E+00  1.12221E+01  6.10761E+01  2.69858E+02
  6.10980E-01  1.34799E+00  1.12321E+01  6.05479E+01  2.84208E+02
  6.05980E-01  1.33809E+00  1.12419E+01  6.00120E+01  2.99514E+02
  6.00980E-01  1.32807E+00  1.12518E+01  5.94684E+01  3.15804E+02
  5.95980E-01  1.31792E+00  1.12614E+01  5.89171E+01  3.33221E+02
  5.90980E-01  1.30766E+00  1.12709E+01  5.83583E+01  3.51832E+02
  5.85980E-01  1.29727E+00  1.12803E+01  5.77918E+01  3.71742E+02
  5.80980E-01  1.28675E+00  1.12897E+01  5.72179E+01  3.93033E+02
  5.75980E-01  1.27612E+00  1.12989E+01  5.66365E+01  4.15869E+02
  5.70980E-01  1.26536E+00  1.13080E+01  5.60478E+01  4.40366E+02
  5.65980E-01  1.25448E+00  1.13171E+01  5.54517E+01  4.66607E+02
  5.60980E-01  1.24347E+00  1.13260E+01  5.48484E+01  4.94781E+02
  5.55980E-01  1.23234E+00  1.13349E+01  5.42379E+01  5.25054E+02
  5.50980E-01  1.22109E+00  1.13435E+01  5.36203E+01  5.57643E+02
  5.45980E-01  1.20971E+00  1.13521E+01  5.29958E+01  5.92742E+02
  5.40980E-01  1.19821E+00  1.13605E+01  5.23644E+01  6.30552E+02
  5.35980E-01  1.18659E+00  1.13689E+01  5.17262E+01  6.71262E+02
  5.30980E-01  1.17485E+00  1.13770E+01  5.10814E+01  7.15275E+02
  5.25980E-01  1.16299E+00  1.13852E+01  5.04301E+01  7.62809E+02
  5.20980E-01  1.15100E+00  1.13932E+01  4.97725E+01  8.14250E+02
  5.15980E-01  1.13890E+00  1.14012E+01  4.91086E+01  8.69827E+02
  5.10980E-01  1.12667E+00  1.14088E+01  4.84386E+01  9.30153E+02
  5.05980E-01  1.11433E+00  1.14166E+01  4.77627E+01  9.95577E+02
  5.00980E-01  1.10188E+00  1.14241E+01  4.70810E+01  1.06666E+03
  4.95980E-01  1.08930E+00  1.14317E+01  4.63938E+01  1.14375E+03
  4.90980E-01  1.07661E+00  1.14389E+01  4.57012E+01  1.22779E+03
  4.85980E-01  1.06381E+00  1.14463E+01  4.50034E+01  1.31937E+03
  4.80980E-01  1.05090E+00  1.14534E+01  4.43007E+01  1.41901E+03
  4.75980E-01  1.03787E+00  1.14606E+01  4.35932E+01  1.52808E+03
  4.70980E-01  1.02474E+00  1.14676E+01  4.28812E+01  1.64720E+03
  4.65980E-01  1.01150E+00  1.14746E+01  4.21648E+01  1.77761E+03
  4.60980E-01  9.98159E-01  1.14817E+01  4.14445E+01  1.92058E+03
  4.55980E-01  9.84713E-01  1.14884E+01  4.07203E+01  2.07741E+03
  4.50980E-01  9.71167E-01  1.14952E+01  3.99927E+01  2.24964E+03
  4.45980E-01  9.57523E-01  1.15019E+01  3.92617E+01  2.43882E+03
  4.40980E-01  9.43785E-01  1.15087E+01  3.85279E+01  2.64764E+03
  4.35980E-01  9.29954E-01  1.15155E+01  3.77913E+01  2.87784E+03
  4.30980E-01  9.16034E-01  1.15223E+01  3.70525E+01  3.13243E+03
  4.25980E-01  9.02028E-01  1.15292E+01  3.63116E+01  3.41311E+03
  4.20980E-01  8.87939E-01  1.15358E+01  3.55690E+01  3.72441E+03
  4.15980E-01  8.73770E-01  1.15427E+01  3.48250E+01  4.07012E+03
  4.10980E-01  8.59526E-01  1.15500E+01  3.40801E+01  4.45394E+03
  4.05980E-01  8.45208E-01  1.15567E+01  3.33344E+01  4.88104E+03
  4.00980E-01  8.30824E-01  1.15639E+01  3.25885E+01  5.35703E+03
  3.95980E-01  8.16374E-01  1.15716E+01  3.18426E+01  5.88877E+03
  3.90980E-01  8.01866E-01  1.15788E+01  3.10973E+01  6.48259E+03
  3.85980E-01  7.87303E-01  1.15866E+01  3.03529E+01  7.14819E+03
  3.80980E-01  7.72688E-01  1.15949E+01  2.96096E+01  7.89498E+03
  3.75980E-01  7.58030E-01  1.16029E+01  2.88682E+01  8.73422E+03
  3.70980E-01  7.43331E-01  1.16118E+01  2.81288E+01  9.68101E+03
  3.65980E-01  7.28596E-01  1.16208E+01  2.73919E+01  1.07459E+04
  3.60980E-01  7.13833E-01  1.16304E+01  2.66580E+01  1.19526E+04
  3.55980E-01  6.99046E-01  1.16403E+01  2.59275E+01  1.33150E+04
  3.50980E-01  6.84241E-01  1.16510E+01  2.52009E+01  1.48658E+04
  3.45980E-01  6.69424E-01  1.16622E+01  2.44785E+01  1.66272E+04
  3.40980E-01  6.54605E-01  1.16746E+01  2.37610E+01  1.86346E+04
  3.35980E-01  6.39787E-01  1.16870E+01  2.30487E+01  2.09261E+04
  3.30980E-01  6.24977E-01  1.17009E+01  2.23421E+01  2.35511E+04
  3.25980E-01  6.10180E-01  1.17157E+01  2.16415E+01  2.65605E+04
  3.20980E-01  5.95409E-01  1.17315E+01  2.09477E+01  3.00215E+04
  3.15980E-01  5.80667E-01  1.17490E+01  2.02609E+01  3.40090E+04
  3.10980E-01  5.65966E-01  1.17673E+01  1.95818E+01  3.86234E+04
  3.05980E-01  5.51307E-01  1.17876E+01  1.89105E+01  4.39536E+04
  3.00980E-01  5.36703E-01  1.18092E+01  1.82478E+01  5.01542E+04
  2.95980E-01  5.22162E-01  1.18331E+01  1.75941E+01  5.73812E+04
  2.90980E-01  5.07691E-01  1.18591E+01  1.69497E+01  6.58141E+04
  2.85980E-01  4.93299E-01  1.18875E+01  1.63152E+01  7.56728E+04
  2.80980E-01  4.78997E-01  1.19184E+01  1.56911E+01  8.72451E+04
  2.75980E-01  4.64789E-01  1.19522E+01  1.50776E+01  1.00890E+05
  2.70980E-01  4.50690E-01  1.19896E+01  1.44754E+01  1.17025E+05
  2.65980E-01  4.36704E-01  1.20302E+01  1.38847E+01  1.36079E+05
  2.60980E-01  4.22844E-01  1.20752E+01  1.33060E+01  1.58825E+05
  2.55980E-01  4.09117E-01  1.21244E+01  1.27398E+01  1.85884E+05
  2.50980E-01  3.95533E-01  1.21788E+01  1.21862E+01  2.18202E+05
  2.45980E-01  3.82104E-01  1.22387E+01  1.16458E+01  2.57107E+05
  2.40980E-01  3.68837E-01  1.23049E+01  1.11189E+01  3.03980E+05
  2.35980E-01  3.55743E-01  1.23784E+01  1.06058E+01  3.60442E+05
  2.30980E-01  3.42832E-01  1.24594E+01  1.01068E+01  4.29259E+05
  2.25980E-01  3.30115E-01  1.25497E+01  9.62228E+00  5.12976E+05
  2.20980E-01  3.17600E-01  1.26489E+01  9.15243E+00  6.15371E+05
  2.15980E-01  3.05298E-01  1.27603E+01  8.69759E+00  7.41115E+05
  2.10980E-01  2.93219E-01  1.28843E+01  8.25795E+00  8.96122E+05
  2.05980E-01  2.81374E-01  1.30222E+01  7.83372E+00  1.08804E+06
  2.00980E-01  2.69770E-01  1.31770E+01  7.42509E+00  1.32718E+06
  1.95980E-01  2.58419E-01  1.33503E+01  7.03219E+00  1.62494E+06
  1.90980E-01  2.47331E-01  1.35453E+01  6.65529E+00  1.99972E+06
  1.85980E-01  2.36514E-01  1.37648E+01  6.29440E+00  2.47185E+06
  1.80980E-01  2.25978E-01  1.40140E+01  5.94965E+00  3.06912E+06
  1.75980E-01  2.15735E-01  1.42944E+01  5.62123E+00  3.83131E+06
  1.70980E-01  2.05790E-01  1.46148E+01  5.30907E+00  4.80534E+06
  1.65980E-01  1.96156E-01  1.49794E+01  5.01338E+00  6.05915E+06
  1.60980E-01  1.86839E-01  1.54000E+01  4.73409E+00  7.67724E+06
  1.55980E-01  1.77849E-01  1.58846E+01  4.47140E+00  9.78132E+06
  1.50980E-01  1.69196E-01  1.64449E+01  4.22536E+00  1.25351E+07
  1.45980E-01  1.60886E-01  1.70987E+01  3.99596E+00  1.61585E+07
  1.40980E-01  1.52930E-01  1.78691E+01  3.78352E+00  2.09562E+07
  1.35980E-01  1.45336E-01  1.87785E+01  3.58820E+00  2.73503E+07
  1.30980E-01  1.38112E-01  1.98650E+01  3.41028E+00  3.59624E+07
  1.25980E-01  1.31267E-01  2.11776E+01  3.25030E+00  4.76540E+07
  1.20980E-01  1.24810E-01  2.27820E+01  3.10904E+00  6.38472E+07
  1.15980E-01  1.18753E-01  2.47732E+01  2.98775E+00  8.66815E+07
  1.10980E-01  1.13105E-01  2.72847E+01  2.88819E+00  1.20071E+08
  1.05980E-01  1.07877E-01  3.05014E+01  2.81319E+00  1.71938E+08
  1.00980E-01  1.03089E-01  3.47620E+01  2.76851E+00  2.61145E+08
  9.59801E-02  9.87562E-02  4.05499E+01  2.76316E+00  4.41724E+08
  9.09801E-02  9.49039E-02  4.87095E+01  2.81607E+00  9.05343E+08
  8.59801E-02  9.16200E-02  6.07266E+01  2.97094E+00  2.49548E+09
  8.09801E-02  8.92868E-02  7.65676E+01  3.27167E+00  8.29322E+09
