  1.19598E+00  1.99819E+00  1.01847E+01  9.31227E+01  6.43964E+00
  1.19098E+00  1.99817E+00  1.01967E+01  9.32858E+01  6.52267E+00
  1.18598E+00  1.99813E+00  1.02087E+01  9.34480E+01  6.60748E+00
  1.18098E+00  1.99806E+00  1.02208E+01  9.36092E+01  6.69397E+00
  1.17598E+00  1.99797E+00  1.02329E+01  9.37690E+01  6.78249E+00
  1.17098E+00  1.99785E+00  1.02450E+01  9.39279E+01  6.87293E+00
  1.16598E+00  1.99770E+00  1.02572E+01  9.40853E+01  6.96604E+00
  1.16098E+00  1.99752E+00  1.02695E+01  9.42416E+01  7.06080E+00
  1.15598E+00  1.99732E+00  1.02818E+01  9.43967E+01  7.15824E+00
  1.15098E+00  1.99709E+00  1.02942E+01  9.45503E+01  7.25757E+00
  1.14598E+00  1.99684E+00  1.03066E+01  9.47027E+01  7.35920E+00
  1.14098E+00  1.99655E+00  1.03190E+01  9.48536E+01  7.46380E+00
  1.13598E+00  1.99623E+00  1.03315E+01  9.50028E+01  7.57038E+00
  1.13098E+00  1.99588E+00  1.03440E+01  9.51508E+01  7.68002E+00
  1.12598E+00  1.99551E+00  1.03566E+01  9.52970E+01  7.79194E+00
  1.12098E+00  1.99510E+00  1.03693E+01  9.54417E+01  7.90719E+00
  1.11598E+00  1.99466E+00  1.03820E+01  9.55849E+01  8.02486E+00
  1.11098E+00  1.99418E+00  1.03947E+01  9.57260E+01  8.14555E+00
  1.10598E+00  1.99368E+00  1.04075E+01  9.58656E+01  8.26933E+00
  1.10098E+00  1.99314E+00  1.04203E+01  9.60033E+01  8.39574E+00
  1.09598E+00  1.99257E+00  1.04332E+01  9.61391E+01  8.52613E+00
  1.09098E+00  1.99196E+00  1.04461E+01  9.62730E+01  8.65946E+00
  1.08598E+00  1.99131E+00  1.04591E+01  9.64049E+01  8.79656E+00
  1.08098E+00  1.99063E+00  1.04721E+01  9.65347E+01  8.93678E+00
  1.07598E+00  1.98992E+00  1.04851E+01  9.66625E+01  9.08132E+00
  1.07098E+00  1.98916E+00  1.04982E+01  9.67881E+01  9.22924E+00
  1.06598E+00  1.98837E+00  1.05114E+01  9.69114E+01  9.38106E+00
  1.06098E+00  1.98754E+00  1.05246E+01  9.70326E+01  9.53699E+00
  1.05598E+00  1.98667E+00  1.05379E+01  9.71513E+01  9.69680E+00
  1.05098E+00  1.98576E+00  1.05511E+01  9.72677E+01  9.86177E+00
  1.04598E+00  1.98481E+00  1.05645E+01  9.73815E+01  1.00307E+01
  1.04098E+00  1.98382E+00  1.05778E+01  9.74929E+01  1.02042E+01
  1.03598E+00  1.98279E+00  1.05912E+01  9.76016E+01  1.03824E+01
  1.03098E+00  1.98171E+00  1.06047E+01  9.77076E+01  1.05662E+01
  1.02598E+00  1.98059E+00  1.06182E+01  9.78108E+01  1.07545E+01
  1.02098E+00  1.97942E+00  1.06318E+01  9.79113E+01  1.09488E+01
  1.01598E+00  1.97821E+00  1.06453E+01  9.80089E+01  1.11477E+01
  1.01098E+00  1.97695E+00  1.06590E+01  9.81034E+01  1.13532E+01
  1.00598E+00  1.97565E+00  1.06726E+01  9.81950E+01  1.15641E+01
  1.00098E+00  1.97430E+00  1.06863E+01  9.82835E+01  1.17817E+01
  9.95980E-01  1.97290E+00  1.07001E+01  9.83687E+01  1.20049E+01
  9.90980E-01  1.97145E+00  1.07139E+01  9.84506E+01  1.22358E+01
  9.85980E-01  1.96995E+00  1.07277E+01  9.85293E+01  1.24723E+01
  9.80980E-01  1.96840E+00  1.07416E+01  9.86044E+01  1.27172E+01
  9.75980E-01  1.96680E+00  1.07555E+01  9.86761E+01  1.29681E+01
  9.70980E-01  1.96514E+00  1.07694E+01  9.87441E+01  1.32278E+01
  9.65980E-01  1.96343E+00  1.07834E+01  9.88085E+01  1.34950E+01
  9.60980E-01  1.96167E+00  1.07974E+01  9.88690E+01  1.37706E+01
  9.55980E-01  1.95985E+00  1.08114E+01  9.89256E+01  1.40543E+01
  9.50980E-01  1.95797E+00  1.08255E+01  9.89786E+01  1.43479E+01
  9.45980E-01  1.95604E+00  1.08397E+01  9.90272E+01  1.46504E+01
  9.40980E-01  1.95404E+00  1.08538E+01  9.90715E+01  1.49625E+01
  9.35980E-01  1.95199E+00  1.08680E+01  9.91119E+01  1.52837E+01
  9.30980E-01  1.94988E+00  1.08822E+01  9.91478E+01  1.56169E+01
  9.25980E-01  1.94770E+00  1.08965E+01  9.91793E+01  1.59606E+01
  9.20980E-01  1.94547E+00  1.09107E+01  9.92061E+01  1.63142E+01
  9.15980E-01  1.94317E+00  1.09250E+01  9.92285E+01  1.66814E+01
  9.10980E-01  1.94080E+00  1.09394E+01  9.92459E+01  1.70594E+01
  9.05980E-01  1.93837E+00  1.09538E+01  9.92586E+01  1.74514E+01
  9.00980E-01  1.93587E+00  1.09682E+01  9.92664E+01  1.78549E+01
  8.95980E-01  1.93331E+00  1.09826E+01  9.92690E+01  1.82741E+01
  8.90980E-01  1.93067E+00  1.09970E+01  9.92662E+01  1.87077E+01
  8.85980E-01  1.92796E+00  1.10114E+01  9.92582E+01  1.91552E+01
  8.80980E-01  1.92519E+00  1.10259E+01  9.92451E+01  1.96196E+01
  8.75980E-01  1.92234E+00  1.10404E+01  9.92260E+01  2.00997E+01
  8.70980E-01  1.91941E+00  1.10550E+01  9.92016E+01  2.05976E+01
  8.65980E-01  1.91641E+00  1.10695E+01  9.91713E+01  2.11111E+01
  8.60980E-01  1.91334E+00  1.10840E+01  9.91349E+01  2.16460E+01
  8.55980E-01  1.91018E+00  1.10986E+01  9.90927E+01  2.22001E+01
  8.50980E-01  1.90695E+00  1.11131E+01  9.90443E+01  2.27731E+01
  8.45980E-01  1.90364E+00  1.11277E+01  9.89896E+01  2.33694E+01
  8.40980E-01  1.90024E+00  1.11423E+01  9.89282E+01  2.39863E+01
  8.35980E-01  1.89677E+00  1.11570E+01  9.88605E+01  2.46280E+01
  8.30980E-01  1.89321E+00  1.11716E+01  9.87860E+01  2.52917E+01
  8.25980E-01  1.88956E+00  1.11861E+01  9.87047E+01  2.59848E+01
  8.20980E-01  1.88582E+00  1.12008E+01  9.86163E+01  2.67028E+01
  8.15980E-01  1.88200E+00  1.12153E+01  9.85208E+01  2.74471E+01
  8.10980E-01  1.87809E+00  1.12300E+01  9.84182E+01  2.82246E+01
  8.05980E-01  1.87408E+00  1.12446E+01  9.83077E+01  2.90306E+01
  8.00980E-01  1.86999E+00  1.12591E+01  9.81899E+01  2.98676E+01
  7.95980E-01  1.86579E+00  1.12737E+01  9.80641E+01  3.07418E+01
  7.90980E-01  1.86151E+00  1.12883E+01  9.79305E+01  3.16499E+01
  7.85980E-01  1.85712E+00  1.13028E+01  9.77887E+01  3.25954E+01
  7.80980E-01  1.85263E+00  1.13173E+01  9.76386E+01  3.35825E+01
  7.75980E-01  1.84805E+00  1.13318E+01  9.74799E+01  3.46070E+01
  7.70980E-01  1.84336E+00  1.13463E+01  9.73124E+01  3.56794E+01
  7.65980E-01  1.83856E+00  1.13607E+01  9.71359E+01  3.67946E+01
  7.60980E-01  1.83375E+00  1.13748E+01  9.69537E+01  3.79357E+01
  7.55980E-01  1.82892E+00  1.13886E+01  9.67655E+01  3.91074E+01
  7.50980E-01  1.82399E+00  1.14024E+01  9.65686E+01  4.03259E+01
  7.45980E-01  1.81897E+00  1.14160E+01  9.63631E+01  4.15904E+01
  7.40980E-01  1.81385E+00  1.14297E+01  9.61485E+01  4.29099E+01
  7.35980E-01  1.80864E+00  1.14431E+01  9.59247E+01  4.42799E+01
  7.30980E-01  1.80331E+00  1.14565E+01  9.56914E+01  4.57151E+01
  7.25980E-01  1.79789E+00  1.14699E+01  9.54485E+01  4.72056E+01
  7.20980E-01  1.79235E+00  1.14831E+01  9.51958E+01  4.87645E+01
  7.15980E-01  1.78671E+00  1.14963E+01  9.49331E+01  5.03911E+01
  7.10980E-01  1.78094E+00  1.15095E+01  9.46599E+01  5.20930E+01
  7.05980E-01  1.77506E+00  1.15225E+01  9.43763E+01  5.38684E+01
  7.00980E-01  1.76905E+00  1.15354E+01  9.40818E+01  5.57361E+01
  6.95980E-01  1.76292E+00  1.15483E+01  9.37762E+01  5.76851E+01
  6.90980E-01  1.75666E+00  1.15611E+01  9.34594E+01  5.97338E+01
  6.85980E-01  1.75026E+00  1.15739E+01  9.31309E+01  6.18777E+01
  6.80980E-01  1.74372E+00  1.15866E+01  9.27905E+01  6.41382E+01
  6.75980E-01  1.73704E+00  1.15992E+01  9.24378E+01  6.65100E+01
  6.70980E-01  1.73021E+00  1.16117E+01  9.20728E+01  6.90050E+01
  6.65980E-01  1.72323E+00  1.16241E+01  9.16948E+01  7.16324E+01
  6.60980E-01  1.71609E+00  1.16366E+01  9.13040E+01  7.44087E+01
  6.55980E-01  1.70879E+00  1.16489E+01  9.08996E+01  7.73318E+01
  6.50980E-01  1.70133E+00  1.16612E+01  9.04817E+01  8.04140E+01
  6.45980E-01  1.69370E+00  1.16733E+01  9.00498E+01  8.36848E+01
  6.40980E-01  1.68589E+00  1.16855E+01  8.96037E+01  8.71354E+01
  6.35980E-01  1.67791E+00  1.16975E+01  8.91432E+01  9.07931E+01
  6.30980E-01  1.66975E+00  1.17095E+01  8.86680E+01  9.46597E+01
  6.25980E-01  1.66140E+00  1.17213E+01  8.81776E+01  9.87683E+01
  6.20980E-01  1.65286E+00  1.17332E+01  8.76720E+01  1.03135E+02
  6.15980E-01  1.64413E+00  1.17448E+01  8.71509E+01  1.07774E+02
  6.10980E-01  1.63520E+00  1.17564E+01  8.66141E+01  1.12704E+02
  6.05980E-01  1.62608E+00  1.17679E+01  8.60613E+01  1.17944E+02
  6.00980E-01  1.61675E+00  1.17793E+01  8.54925E+01  1.23534E+02
  5.95980E-01  1.60721E+00  1.17906E+01  8.49072E+01  1.29508E+02
  5.90980E-01  1.59746E+00  1.18018E+01  8.43055E+01  1.35871E+02
  5.85980E-01  1.58750E+00  1.18128E+01  8.36870E+01  1.42679E+02
  5.80980E-01  1.57733E+00  1.18238E+01  8.30517E+01  1.49951E+02
  5.75980E-01  1.56694E+00  1.18346E+01  8.23994E+01  1.57724E+02
  5.70980E-01  1.55632E+00  1.18452E+01  8.17301E+01  1.66076E+02
  5.65980E-01  1.54548E+00  1.18557E+01  8.10437E+01  1.75022E+02
  5.60980E-01  1.53442E+00  1.18662E+01  8.03400E+01  1.84646E+02
  5.55980E-01  1.52313E+00  1.18765E+01  7.96191E+01  1.94970E+02
  5.50980E-01  1.51161E+00  1.18865E+01  7.88811E+01  2.06082E+02
  5.45980E-01  1.49986E+00  1.18964E+01  7.81258E+01  2.18036E+02
  5.40980E-01  1.48788E+00  1.19062E+01  7.73532E+01  2.30940E+02
  5.35980E-01  1.47567E+00  1.19157E+01  7.65635E+01  2.44856E+02
  5.30980E-01  1.46322E+00  1.19251E+01  7.57567E+01  2.59880E+02
  5.25980E-01  1.45054E+00  1.19343E+01  7.49328E+01  2.76140E+02
  5.20980E-01  1.43763E+00  1.19433E+01  7.40921E+01  2.93738E+02
  5.15980E-01  1.42448E+00  1.19521E+01  7.32347E+01  3.12809E+02
  5.10980E-01  1.41109E+00  1.19607E+01  7.23608E+01  3.33490E+02
  5.05980E-01  1.39747E+00  1.19691E+01  7.14706E+01  3.55963E+02
  5.00980E-01  1.38362E+00  1.19772E+01  7.05642E+01  3.80423E+02
  4.95980E-01  1.36953E+00  1.19853E+01  6.96421E+01  4.07024E+02
  4.90980E-01  1.35521E+00  1.19928E+01  6.87044E+01  4.36046E+02
  4.85980E-01  1.34066E+00  1.20003E+01  6.77515E+01  4.67666E+02
  4.80980E-01  1.32588E+00  1.20076E+01  6.67837E+01  5.02286E+02
  4.75980E-01  1.31087E+00  1.20147E+01  6.58014E+01  5.40117E+02
  4.70980E-01  1.29564E+00  1.20214E+01  6.48051E+01  5.81667E+02
  4.65980E-01  1.28018E+00  1.20279E+01  6.37950E+01  6.27200E+02
  4.60980E-01  1.26451E+00  1.20343E+01  6.27719E+01  6.77203E+02
  4.55980E-01  1.24862E+00  1.20402E+01  6.17360E+01  7.32227E+02
  4.50980E-01  1.23251E+00  1.20460E+01  6.06879E+01  7.92752E+02
  4.45980E-01  1.21620E+00  1.20516E+01  5.96282E+01  8.59628E+02
  4.40980E-01  1.19968E+00  1.20570E+01  5.85574E+01  9.33528E+02
  4.35980E-01  1.18296E+00  1.20620E+01  5.74762E+01  1.01529E+03
  4.30980E-01  1.16604E+00  1.20668E+01  5.63852E+01  1.10594E+03
  4.25980E-01  1.14893E+00  1.20715E+01  5.52851E+01  1.20633E+03
  4.20980E-01  1.13163E+00  1.20758E+01  5.41764E+01  1.31833E+03
  4.15980E-01  1.11416E+00  1.20799E+01  5.30600E+01  1.44279E+03
  4.10980E-01  1.09651E+00  1.20840E+01  5.19365E+01  1.58146E+03
  4.05980E-01  1.07869E+00  1.20877E+01  5.08068E+01  1.73685E+03
  4.00980E-01  1.06071E+00  1.20912E+01  4.96715E+01  1.91048E+03
  3.95980E-01  1.04257E+00  1.20948E+01  4.85317E+01  2.10490E+03
  3.90980E-01  1.02429E+00  1.20980E+01  4.73879E+01  2.32374E+03
  3.85980E-01  1.00587E+00  1.21011E+01  4.62411E+01  2.56964E+03
  3.80980E-01  9.87318E-01  1.21042E+01  4.50922E+01  2.84718E+03
  3.75980E-01  9.68643E-01  1.21070E+01  4.39420E+01  3.16041E+03
  3.70980E-01  9.49855E-01  1.21101E+01  4.27915E+01  3.51562E+03
  3.65980E-01  9.30961E-01  1.21129E+01  4.16415E+01  3.91798E+03
  3.60980E-01  9.11972E-01  1.21158E+01  4.04929E+01  4.37514E+03
  3.55980E-01  8.92899E-01  1.21189E+01  3.93469E+01  4.89494E+03
  3.50980E-01  8.73748E-01  1.21220E+01  3.82041E+01  5.48988E+03
  3.45980E-01  8.54534E-01  1.21253E+01  3.70656E+01  6.17012E+03
  3.40980E-01  8.35266E-01  1.21287E+01  3.59325E+01  6.94993E+03
  3.35980E-01  8.15956E-01  1.21325E+01  3.48057E+01  7.84588E+03
  3.30980E-01  7.96612E-01  1.21368E+01  3.36859E+01  8.87625E+03
  3.25980E-01  7.77249E-01  1.21412E+01  3.25744E+01  1.00687E+04
  3.20980E-01  7.57880E-01  1.21466E+01  3.14721E+01  1.14499E+04
  3.15980E-01  7.38515E-01  1.21523E+01  3.03799E+01  1.30524E+04
  3.10980E-01  7.19167E-01  1.21588E+01  2.92988E+01  1.49159E+04
  3.05980E-01  6.99847E-01  1.21661E+01  2.82296E+01  1.70926E+04
  3.00980E-01  6.80573E-01  1.21745E+01  2.71734E+01  1.96386E+04
  2.95980E-01  6.61355E-01  1.21841E+01  2.61312E+01  2.26265E+04
  2.90980E-01  6.42205E-01  1.21950E+01  2.51036E+01  2.61460E+04
  2.85980E-01  6.23142E-01  1.22076E+01  2.40919E+01  3.02964E+04
  2.80980E-01  6.04174E-01  1.22217E+01  2.30966E+01  3.52175E+04
  2.75980E-01  5.85317E-01  1.22379E+01  2.21186E+01  4.10606E+04
  2.70980E-01  5.66586E-01  1.22562E+01  2.11588E+01  4.80339E+04
  2.65980E-01  5.47996E-01  1.22771E+01  2.02181E+01  5.63668E+04
  2.60980E-01  5.29560E-01  1.23010E+01  1.92971E+01  6.63751E+04
  2.55980E-01  5.11293E-01  1.23282E+01  1.83966E+01  7.84246E+04
  2.50980E-01  4.93208E-01  1.23593E+01  1.75171E+01  9.30061E+04
  2.45980E-01  4.75322E-01  1.23941E+01  1.66595E+01  1.10679E+05
  2.40980E-01  4.57648E-01  1.24342E+01  1.58243E+01  1.32245E+05
  2.35980E-01  4.40201E-01  1.24791E+01  1.50121E+01  1.58657E+05
  2.30980E-01  4.22996E-01  1.25309E+01  1.42234E+01  1.91032E+05
  2.25980E-01  4.06047E-01  1.25891E+01  1.34587E+01  2.31075E+05
  2.20980E-01  3.89370E-01  1.26554E+01  1.27186E+01  2.80677E+05
  2.15980E-01  3.72976E-01  1.27309E+01  1.20031E+01  3.42273E+05
  2.10980E-01  3.56882E-01  1.28162E+01  1.13129E+01  4.19733E+05
  2.05980E-01  3.41102E-01  1.29142E+01  1.06482E+01  5.16972E+05
  2.00980E-01  3.25647E-01  1.30254E+01  1.00091E+01  6.39390E+05
  1.95980E-01  3.10532E-01  1.31518E+01  9.39595E+00  7.95680E+05
  1.90980E-01  2.95771E-01  1.32964E+01  8.80888E+00  9.94711E+05
  1.85980E-01  2.81377E-01  1.34625E+01  8.24787E+00  1.25089E+06
  1.80980E-01  2.67361E-01  1.36537E+01  7.71308E+00  1.58077E+06
  1.75980E-01  2.53738E-01  1.38732E+01  7.20445E+00  2.01094E+06
  1.70980E-01  2.40517E-01  1.41266E+01  6.72190E+00  2.57247E+06
  1.65980E-01  2.27714E-01  1.44212E+01  6.26548E+00  3.31131E+06
  1.60980E-01  2.15337E-01  1.47636E+01  5.83495E+00  4.29181E+06
  1.55980E-01  2.03398E-01  1.51670E+01  5.43024E+00  5.59481E+06
  1.50980E-01  1.91910E-01  1.56400E+01  5.05124E+00  7.34855E+06
  1.45980E-01  1.80882E-01  1.62033E+01  4.69778E+00  9.72721E+06
  1.40980E-01  1.70326E-01  1.68750E+01  4.36970E+00  1.29724E+07
  1.35980E-01  1.60251E-01  1.76873E+01  4.06698E+00  1.74444E+07
  1.30980E-01  1.50668E-01  1.86795E+01  3.78959E+00  2.36669E+07
  1.25980E-01  1.41592E-01  1.99098E+01  3.53792E+00  3.24384E+07
  1.20980E-01  1.33032E-01  2.14532E+01  3.31234E+00  4.50002E+07
  1.15980E-01  1.25002E-01  2.34383E+01  3.11403E+00  6.35100E+07
  1.10980E-01  1.17519E-01  2.60441E+01  2.94488E+00  9.18920E+07
  1.05980E-01  1.10600E-01  2.95761E+01  2.80850E+00  1.38557E+08
  1.00980E-01  1.04276E-01  3.45766E+01  2.71297E+00  2.27943E+08
  9.59801E-02  9.85797E-02  4.20386E+01  2.67469E+00  4.50389E+08
  9.09800E-02  9.35725E-02  5.40716E+01  2.73739E+00  1.31048E+09
  8.59800E-02  8.93623E-02  7.59212E+01  3.04811E+00  7.47678E+09
  8.09800E-02  8.62353E-02  1.25483E+02  4.43731E+00  1.28715E+11
