  1.08098E+00  2.08033E+00  1.02506E+01  1.02720E+02  5.32567E+00
  1.07598E+00  2.07941E+00  1.02640E+01  1.02831E+02  5.42413E+00
  1.07098E+00  2.07843E+00  1.02775E+01  1.02939E+02  5.52597E+00
  1.06598E+00  2.07741E+00  1.02910E+01  1.03044E+02  5.63041E+00
  1.06098E+00  2.07634E+00  1.03046E+01  1.03144E+02  5.73839E+00
  1.05598E+00  2.07521E+00  1.03182E+01  1.03241E+02  5.84934E+00
  1.05098E+00  2.07403E+00  1.03317E+01  1.03334E+02  5.96402E+00
  1.04598E+00  2.07279E+00  1.03454E+01  1.03423E+02  6.08166E+00
  1.04098E+00  2.07150E+00  1.03591E+01  1.03508E+02  6.20346E+00
  1.03598E+00  2.07015E+00  1.03728E+01  1.03589E+02  6.32920E+00
  1.03098E+00  2.06875E+00  1.03866E+01  1.03665E+02  6.45836E+00
  1.02598E+00  2.06728E+00  1.04004E+01  1.03737E+02  6.59222E+00
  1.02098E+00  2.06575E+00  1.04143E+01  1.03805E+02  6.72963E+00
  1.01598E+00  2.06416E+00  1.04281E+01  1.03868E+02  6.87211E+00
  1.01098E+00  2.06251E+00  1.04420E+01  1.03926E+02  7.01855E+00
  1.00598E+00  2.06080E+00  1.04559E+01  1.03979E+02  7.17056E+00
  1.00098E+00  2.05902E+00  1.04699E+01  1.04028E+02  7.32697E+00
  9.95980E-01  2.05718E+00  1.04838E+01  1.04071E+02  7.48873E+00
  9.90980E-01  2.05526E+00  1.04978E+01  1.04110E+02  7.65613E+00
  9.85980E-01  2.05328E+00  1.05119E+01  1.04143E+02  7.82884E+00
  9.80980E-01  2.05124E+00  1.05259E+01  1.04170E+02  8.00817E+00
  9.75980E-01  2.04911E+00  1.05400E+01  1.04193E+02  8.19244E+00
  9.70980E-01  2.04692E+00  1.05541E+01  1.04209E+02  8.38419E+00
  9.65980E-01  2.04466E+00  1.05682E+01  1.04220E+02  8.58183E+00
  9.60980E-01  2.04232E+00  1.05823E+01  1.04225E+02  8.78672E+00
  9.55980E-01  2.03990E+00  1.05965E+01  1.04224E+02  8.99945E+00
  9.50980E-01  2.03741E+00  1.06108E+01  1.04217E+02  9.21870E+00
  9.45980E-01  2.03484E+00  1.06249E+01  1.04204E+02  9.44681E+00
  9.40980E-01  2.03219E+00  1.06392E+01  1.04184E+02  9.68211E+00
  9.35980E-01  2.02946E+00  1.06534E+01  1.04158E+02  9.92693E+00
  9.30980E-01  2.02665E+00  1.06676E+01  1.04126E+02  1.01816E+01
  9.25980E-01  2.02375E+00  1.06819E+01  1.04086E+02  1.04438E+01
  9.20980E-01  2.02077E+00  1.06962E+01  1.04040E+02  1.07170E+01
  9.15980E-01  2.01770E+00  1.07105E+01  1.03986E+02  1.10000E+01
  9.10980E-01  2.01454E+00  1.07247E+01  1.03926E+02  1.12941E+01
  9.05980E-01  2.01129E+00  1.07390E+01  1.03858E+02  1.16003E+01
  9.00980E-01  2.00795E+00  1.07534E+01  1.03783E+02  1.19171E+01
  8.95980E-01  2.00452E+00  1.07676E+01  1.03700E+02  1.22469E+01
  8.90980E-01  2.00100E+00  1.07820E+01  1.03610E+02  1.25902E+01
  8.85980E-01  1.99738E+00  1.07963E+01  1.03512E+02  1.29464E+01
  8.80980E-01  1.99366E+00  1.08106E+01  1.03406E+02  1.33180E+01
  8.75980E-01  1.98985E+00  1.08249E+01  1.03291E+02  1.37030E+01
  8.70980E-01  1.98593E+00  1.08392E+01  1.03169E+02  1.41053E+01
  8.65980E-01  1.98192E+00  1.08535E+01  1.03038E+02  1.45244E+01
  8.60980E-01  1.97780E+00  1.08678E+01  1.02898E+02  1.49598E+01
  8.55980E-01  1.97357E+00  1.08821E+01  1.02750E+02  1.54142E+01
  8.50980E-01  1.96924E+00  1.08963E+01  1.02593E+02  1.58888E+01
  8.45980E-01  1.96480E+00  1.09106E+01  1.02427E+02  1.63817E+01
  8.40980E-01  1.96025E+00  1.09248E+01  1.02252E+02  1.68975E+01
  8.35980E-01  1.95559E+00  1.09390E+01  1.02067E+02  1.74363E+01
  8.30980E-01  1.95081E+00  1.09532E+01  1.01873E+02  1.79973E+01
  8.25980E-01  1.94592E+00  1.09675E+01  1.01670E+02  1.85843E+01
  8.20980E-01  1.94092E+00  1.09815E+01  1.01457E+02  1.91983E+01
  8.15980E-01  1.93579E+00  1.09957E+01  1.01234E+02  1.98386E+01
  8.10980E-01  1.93055E+00  1.10098E+01  1.01001E+02  2.05091E+01
  8.05980E-01  1.92518E+00  1.10238E+01  1.00757E+02  2.12107E+01
  8.00980E-01  1.91969E+00  1.10379E+01  1.00504E+02  2.19465E+01
  7.95980E-01  1.91408E+00  1.10519E+01  1.00240E+02  2.27140E+01
  7.90980E-01  1.90833E+00  1.10658E+01  9.99653E+01  2.35194E+01
  7.85980E-01  1.90246E+00  1.10797E+01  9.96800E+01  2.43651E+01
  7.80980E-01  1.89646E+00  1.10936E+01  9.93837E+01  2.52497E+01
  7.75980E-01  1.89033E+00  1.11074E+01  9.90765E+01  2.61784E+01
  7.70980E-01  1.88406E+00  1.11212E+01  9.87580E+01  2.71532E+01
  7.65980E-01  1.87765E+00  1.11348E+01  9.84284E+01  2.81788E+01
  7.60980E-01  1.87111E+00  1.11485E+01  9.80872E+01  2.92518E+01
  7.55980E-01  1.86443E+00  1.11621E+01  9.77344E+01  3.03836E+01
  7.50980E-01  1.85761E+00  1.11756E+01  9.73700E+01  3.15723E+01
  7.45980E-01  1.85064E+00  1.11891E+01  9.69937E+01  3.28256E+01
  7.40980E-01  1.84353E+00  1.12025E+01  9.66054E+01  3.41409E+01
  7.35980E-01  1.83628E+00  1.12157E+01  9.62052E+01  3.55263E+01
  7.30980E-01  1.82887E+00  1.12290E+01  9.57926E+01  3.69884E+01
  7.25980E-01  1.82132E+00  1.12421E+01  9.53677E+01  3.85313E+01
  7.20980E-01  1.81361E+00  1.12552E+01  9.49303E+01  4.01566E+01
  7.15980E-01  1.80575E+00  1.12683E+01  9.44805E+01  4.18711E+01
  7.10980E-01  1.79773E+00  1.12811E+01  9.40179E+01  4.36824E+01
  7.05980E-01  1.78956E+00  1.12939E+01  9.35425E+01  4.55983E+01
  7.00980E-01  1.78123E+00  1.13066E+01  9.30543E+01  4.76252E+01
  6.95980E-01  1.77274E+00  1.13192E+01  9.25532E+01  4.97665E+01
  6.90980E-01  1.76408E+00  1.13317E+01  9.20389E+01  5.20327E+01
  6.85980E-01  1.75527E+00  1.13440E+01  9.15116E+01  5.44326E+01
  6.80980E-01  1.74628E+00  1.13564E+01  9.09710E+01  5.69789E+01
  6.75980E-01  1.73714E+00  1.13684E+01  9.04171E+01  5.96788E+01
  6.70980E-01  1.72782E+00  1.13805E+01  8.98498E+01  6.25485E+01
  6.65980E-01  1.71833E+00  1.13925E+01  8.92692E+01  6.55862E+01
  6.60980E-01  1.70868E+00  1.14042E+01  8.86750E+01  6.88150E+01
  6.55980E-01  1.69884E+00  1.14159E+01  8.80673E+01  7.22546E+01
  6.50980E-01  1.68884E+00  1.14273E+01  8.74462E+01  7.59110E+01
  6.45980E-01  1.67866E+00  1.14387E+01  8.68114E+01  7.98033E+01
  6.40980E-01  1.66831E+00  1.14498E+01  8.61630E+01  8.39518E+01
  6.35980E-01  1.65778E+00  1.14609E+01  8.55010E+01  8.83813E+01
  6.30980E-01  1.64707E+00  1.14717E+01  8.48253E+01  9.31070E+01
  6.25980E-01  1.63618E+00  1.14825E+01  8.41361E+01  9.81442E+01
  6.20980E-01  1.62510E+00  1.14931E+01  8.34332E+01  1.03522E+02
  6.15980E-01  1.61385E+00  1.15035E+01  8.27168E+01  1.09273E+02
  6.10980E-01  1.60242E+00  1.15137E+01  8.19869E+01  1.15443E+02
  6.05980E-01  1.59080E+00  1.15237E+01  8.12432E+01  1.22042E+02
  6.00980E-01  1.57900E+00  1.15336E+01  8.04865E+01  1.29117E+02
  5.95980E-01  1.56701E+00  1.15432E+01  7.97161E+01  1.36707E+02
  5.90980E-01  1.55484E+00  1.15527E+01  7.89325E+01  1.44858E+02
  5.85980E-01  1.54248E+00  1.15619E+01  7.81356E+01  1.53621E+02
  5.80980E-01  1.52993E+00  1.15711E+01  7.73256E+01  1.63040E+02
  5.75980E-01  1.51720E+00  1.15798E+01  7.65028E+01  1.73176E+02
  5.70980E-01  1.50429E+00  1.15886E+01  7.56672E+01  1.84104E+02
  5.65980E-01  1.49118E+00  1.15969E+01  7.48187E+01  1.95890E+02
  5.60980E-01  1.47789E+00  1.16052E+01  7.39578E+01  2.08603E+02
  5.55980E-01  1.46442E+00  1.16131E+01  7.30844E+01  2.22339E+02
  5.50980E-01  1.45076E+00  1.16210E+01  7.21989E+01  2.37199E+02
  5.45980E-01  1.43691E+00  1.16284E+01  7.13015E+01  2.53287E+02
  5.40980E-01  1.42288E+00  1.16359E+01  7.03923E+01  2.70712E+02
  5.35980E-01  1.40867E+00  1.16428E+01  6.94715E+01  2.89607E+02
  5.30980E-01  1.39427E+00  1.16497E+01  6.85395E+01  3.10139E+02
  5.25980E-01  1.37970E+00  1.16562E+01  6.75965E+01  3.32440E+02
  5.20980E-01  1.36494E+00  1.16626E+01  6.66429E+01  3.56726E+02
  5.15980E-01  1.35000E+00  1.16686E+01  6.56788E+01  3.83184E+02
  5.10980E-01  1.33489E+00  1.16744E+01  6.47046E+01  4.12020E+02
  5.05980E-01  1.31960E+00  1.16800E+01  6.37207E+01  4.43456E+02
  5.00980E-01  1.30413E+00  1.16853E+01  6.27274E+01  4.77839E+02
  4.95980E-01  1.28850E+00  1.16905E+01  6.17250E+01  5.15474E+02
  4.90980E-01  1.27269E+00  1.16952E+01  6.07140E+01  5.56705E+02
  4.85980E-01  1.25672E+00  1.16998E+01  5.96948E+01  6.01944E+02
  4.80980E-01  1.24059E+00  1.17041E+01  5.86678E+01  6.51652E+02
  4.75980E-01  1.22430E+00  1.17080E+01  5.76335E+01  7.06256E+02
  4.70980E-01  1.20784E+00  1.17120E+01  5.65922E+01  7.66337E+02
  4.65980E-01  1.19124E+00  1.17154E+01  5.55445E+01  8.32608E+02
  4.60980E-01  1.17448E+00  1.17187E+01  5.44909E+01  9.05846E+02
  4.55980E-01  1.15758E+00  1.17218E+01  5.34319E+01  9.86853E+02
  4.50980E-01  1.14053E+00  1.17245E+01  5.23680E+01  1.07629E+03
  4.45980E-01  1.12335E+00  1.17273E+01  5.12999E+01  1.17561E+03
  4.40980E-01  1.10603E+00  1.17296E+01  5.02278E+01  1.28594E+03
  4.35980E-01  1.08859E+00  1.17317E+01  4.91527E+01  1.40858E+03
  4.30980E-01  1.07102E+00  1.17338E+01  4.80749E+01  1.54500E+03
  4.25980E-01  1.05333E+00  1.17355E+01  4.69953E+01  1.69734E+03
  4.20980E-01  1.03554E+00  1.17370E+01  4.59141E+01  1.86755E+03
  4.15980E-01  1.01763E+00  1.17387E+01  4.48324E+01  2.05775E+03
  4.10980E-01  9.99628E-01  1.17399E+01  4.37505E+01  2.27147E+03
  4.05980E-01  9.81530E-01  1.17410E+01  4.26693E+01  2.51060E+03
  4.00980E-01  9.63346E-01  1.17422E+01  4.15894E+01  2.78020E+03
  3.95980E-01  9.45081E-01  1.17433E+01  4.05115E+01  3.08368E+03
  3.90980E-01  9.26744E-01  1.17442E+01  3.94363E+01  3.42606E+03
  3.85980E-01  9.08343E-01  1.17450E+01  3.83645E+01  3.81413E+03
  3.80980E-01  8.89885E-01  1.17464E+01  3.72968E+01  4.25287E+03
  3.75980E-01  8.71378E-01  1.17473E+01  3.62340E+01  4.75195E+03
  3.70980E-01  8.52830E-01  1.17484E+01  3.51767E+01  5.31834E+03
  3.65980E-01  8.34252E-01  1.17497E+01  3.41258E+01  5.96466E+03
  3.60980E-01  8.15650E-01  1.17513E+01  3.30820E+01  6.70333E+03
  3.55980E-01  7.97036E-01  1.17533E+01  3.20459E+01  7.54810E+03
  3.50980E-01  7.78417E-01  1.17553E+01  3.10185E+01  8.51918E+03
  3.45980E-01  7.59805E-01  1.17578E+01  3.00004E+01  9.63233E+03
  3.40980E-01  7.41208E-01  1.17608E+01  2.89923E+01  1.09171E+04
  3.35980E-01  7.22638E-01  1.17643E+01  2.79950E+01  1.24034E+04
  3.30980E-01  7.04103E-01  1.17690E+01  2.70091E+01  1.41213E+04
  3.25980E-01  6.85618E-01  1.17740E+01  2.60357E+01  1.61161E+04
  3.20980E-01  6.67191E-01  1.17800E+01  2.50752E+01  1.84379E+04
  3.15980E-01  6.48832E-01  1.17869E+01  2.41282E+01  2.11508E+04
  3.10980E-01  6.30555E-01  1.17951E+01  2.31957E+01  2.43240E+04
  3.05980E-01  6.12372E-01  1.18048E+01  2.22783E+01  2.80354E+04
  3.00980E-01  5.94291E-01  1.18158E+01  2.13765E+01  3.24157E+04
  2.95980E-01  5.76327E-01  1.18287E+01  2.04911E+01  3.75795E+04
  2.90980E-01  5.58491E-01  1.18434E+01  1.96227E+01  4.36963E+04
  2.85980E-01  5.40795E-01  1.18606E+01  1.87719E+01  5.09509E+04
  2.80980E-01  5.23253E-01  1.18801E+01  1.79393E+01  5.95976E+04
  2.75980E-01  5.05877E-01  1.19026E+01  1.71254E+01  6.99185E+04
  2.70980E-01  4.88675E-01  1.19282E+01  1.63307E+01  8.23156E+04
  2.65980E-01  4.71666E-01  1.19576E+01  1.55558E+01  9.71951E+04
  2.60980E-01  4.54857E-01  1.19907E+01  1.48010E+01  1.15182E+05
  2.55980E-01  4.38264E-01  1.20286E+01  1.40669E+01  1.36962E+05
  2.50980E-01  4.21898E-01  1.20720E+01  1.33538E+01  1.63459E+05
  2.45980E-01  4.05771E-01  1.21203E+01  1.26621E+01  1.95736E+05
  2.40980E-01  3.89896E-01  1.21755E+01  1.19921E+01  2.35364E+05
  2.35980E-01  3.74286E-01  1.22385E+01  1.13441E+01  2.84051E+05
  2.30980E-01  3.58952E-01  1.23100E+01  1.07184E+01  3.44266E+05
  2.25980E-01  3.43907E-01  1.23915E+01  1.01151E+01  4.18931E+05
  2.20980E-01  3.29161E-01  1.24821E+01  9.53437E+00  5.12027E+05
  2.15980E-01  3.14729E-01  1.25874E+01  8.97652E+00  6.28400E+05
  2.10980E-01  3.00620E-01  1.27063E+01  8.44148E+00  7.74991E+05
  2.05980E-01  2.86844E-01  1.28401E+01  7.92922E+00  9.60071E+05
  2.00980E-01  2.73415E-01  1.29947E+01  7.43991E+00  1.19488E+06
  1.95980E-01  2.60342E-01  1.31714E+01  6.97347E+00  1.49484E+06
  1.90980E-01  2.47634E-01  1.33723E+01  6.52975E+00  1.87923E+06
  1.85980E-01  2.35304E-01  1.36036E+01  6.10870E+00  2.37567E+06
  1.80980E-01  2.23358E-01  1.38699E+01  5.71014E+00  3.01766E+06
  1.75980E-01  2.11809E-01  1.41776E+01  5.33396E+00  3.85623E+06
  1.70980E-01  2.00664E-01  1.45364E+01  4.98000E+00  4.95515E+06
  1.65980E-01  1.89931E-01  1.49526E+01  4.64793E+00  6.40474E+06
  1.60980E-01  1.79619E-01  1.54407E+01  4.33762E+00  8.33152E+06
  1.55980E-01  1.69739E-01  1.60219E+01  4.04903E+00  1.09061E+07
  1.50980E-01  1.60295E-01  1.67080E+01  3.78177E+00  1.43708E+07
  1.45980E-01  1.51296E-01  1.75330E+01  3.53580E+00  1.90756E+07
  1.40980E-01  1.42751E-01  1.85368E+01  3.31120E+00  2.55109E+07
  1.35980E-01  1.34667E-01  1.97667E+01  3.10807E+00  3.44531E+07
  1.30980E-01  1.27053E-01  2.13007E+01  2.92683E+00  4.70655E+07
  1.25980E-01  1.19921E-01  2.32412E+01  2.76842E+00  6.53427E+07
  1.20980E-01  1.13281E-01  2.57631E+01  2.63450E+00  9.28705E+07
  1.15980E-01  1.07146E-01  2.91232E+01  2.52818E+00  1.37625E+08
  1.10980E-01  1.01532E-01  3.37306E+01  2.45489E+00  2.20340E+08
  1.05980E-01  9.64727E-02  4.04102E+01  2.42820E+00  4.14864E+08
  1.00980E-01  9.20068E-02  5.06826E+01  2.47796E+00  1.06690E+09
  9.59800E-02  8.82005E-02  6.79472E+01  2.69105E+00  4.60380E+09
  9.09801E-02  8.52175E-02  1.01687E+02  3.43080E+00  4.30784E+10
  8.59800E-02  8.35597E-02  1.89069E+02  7.60163E+00  1.58362E+12
  8.09800E-02  8.53221E-02  5.11755E+02  8.55343E+01  5.93514E+14
