  1.13098E+00  2.11680E+00  1.03110E+01  1.05928E+02  4.53041E+00
  1.12598E+00  2.11679E+00  1.03235E+01  1.06111E+02  4.59340E+00
  1.12098E+00  2.11674E+00  1.03360E+01  1.06291E+02  4.65761E+00
  1.11598E+00  2.11666E+00  1.03486E+01  1.06469E+02  4.72363E+00
  1.11098E+00  2.11654E+00  1.03613E+01  1.06646E+02  4.79112E+00
  1.10598E+00  2.11638E+00  1.03740E+01  1.06820E+02  4.86097E+00
  1.10098E+00  2.11619E+00  1.03867E+01  1.06992E+02  4.93213E+00
  1.09598E+00  2.11597E+00  1.03995E+01  1.07161E+02  5.00549E+00
  1.09098E+00  2.11570E+00  1.04124E+01  1.07329E+02  5.08040E+00
  1.08598E+00  2.11540E+00  1.04253E+01  1.07493E+02  5.15771E+00
  1.08098E+00  2.11505E+00  1.04382E+01  1.07656E+02  5.23684E+00
  1.07598E+00  2.11467E+00  1.04512E+01  1.07815E+02  5.31834E+00
  1.07098E+00  2.11424E+00  1.04643E+01  1.07972E+02  5.40195E+00
  1.06598E+00  2.11377E+00  1.04774E+01  1.08127E+02  5.48783E+00
  1.06098E+00  2.11326E+00  1.04905E+01  1.08278E+02  5.57646E+00
  1.05598E+00  2.11271E+00  1.05037E+01  1.08426E+02  5.66744E+00
  1.05098E+00  2.11211E+00  1.05170E+01  1.08572E+02  5.76086E+00
  1.04598E+00  2.11146E+00  1.05303E+01  1.08714E+02  5.85695E+00
  1.04098E+00  2.11077E+00  1.05436E+01  1.08853E+02  5.95616E+00
  1.03598E+00  2.11003E+00  1.05570E+01  1.08989E+02  6.05786E+00
  1.03098E+00  2.10924E+00  1.05705E+01  1.09121E+02  6.16257E+00
  1.02598E+00  2.10840E+00  1.05840E+01  1.09250E+02  6.27033E+00
  1.02098E+00  2.10750E+00  1.05975E+01  1.09375E+02  6.38172E+00
  1.01598E+00  2.10656E+00  1.06111E+01  1.09497E+02  6.49627E+00
  1.01098E+00  2.10556E+00  1.06247E+01  1.09614E+02  6.61414E+00
  1.00598E+00  2.10451E+00  1.06384E+01  1.09728E+02  6.73560E+00
  1.00098E+00  2.10341E+00  1.06521E+01  1.09837E+02  6.86091E+00
  9.95980E-01  2.10224E+00  1.06659E+01  1.09943E+02  6.99023E+00
  9.90980E-01  2.10102E+00  1.06798E+01  1.10044E+02  7.12337E+00
  9.85980E-01  2.09974E+00  1.06936E+01  1.10141E+02  7.26079E+00
  9.80980E-01  2.09840E+00  1.07075E+01  1.10233E+02  7.40290E+00
  9.75980E-01  2.09700E+00  1.07214E+01  1.10321E+02  7.54954E+00
  9.70980E-01  2.09554E+00  1.07355E+01  1.10404E+02  7.70025E+00
  9.65980E-01  2.09401E+00  1.07495E+01  1.10482E+02  7.85685E+00
  9.60980E-01  2.09241E+00  1.07635E+01  1.10555E+02  8.01774E+00
  9.55980E-01  2.09075E+00  1.07777E+01  1.10622E+02  8.18434E+00
  9.50980E-01  2.08902E+00  1.07919E+01  1.10685E+02  8.35607E+00
  9.45980E-01  2.08723E+00  1.08060E+01  1.10742E+02  8.53452E+00
  9.40980E-01  2.08536E+00  1.08203E+01  1.10793E+02  8.71872E+00
  9.35980E-01  2.08342E+00  1.08346E+01  1.10839E+02  8.90907E+00
  9.30980E-01  2.08140E+00  1.08489E+01  1.10879E+02  9.10632E+00
  9.25980E-01  2.07931E+00  1.08632E+01  1.10913E+02  9.31020E+00
  9.20980E-01  2.07714E+00  1.08776E+01  1.10941E+02  9.52185E+00
  9.15980E-01  2.07490E+00  1.08921E+01  1.10963E+02  9.73975E+00
  9.10980E-01  2.07257E+00  1.09065E+01  1.10977E+02  9.96707E+00
  9.05980E-01  2.07016E+00  1.09210E+01  1.10986E+02  1.02019E+01
  9.00980E-01  2.06768E+00  1.09355E+01  1.10988E+02  1.04452E+01
  8.95980E-01  2.06510E+00  1.09501E+01  1.10982E+02  1.06984E+01
  8.90980E-01  2.06244E+00  1.09646E+01  1.10970E+02  1.09599E+01
  8.85980E-01  2.05969E+00  1.09793E+01  1.10950E+02  1.12318E+01
  8.80980E-01  2.05685E+00  1.09939E+01  1.10923E+02  1.15133E+01
  8.75980E-01  2.05392E+00  1.10085E+01  1.10889E+02  1.18070E+01
  8.70980E-01  2.05090E+00  1.10232E+01  1.10846E+02  1.21118E+01
  8.65980E-01  2.04778E+00  1.10380E+01  1.10796E+02  1.24278E+01
  8.60980E-01  2.04456E+00  1.10527E+01  1.10737E+02  1.27576E+01
  8.55980E-01  2.04125E+00  1.10674E+01  1.10670E+02  1.30991E+01
  8.50980E-01  2.03783E+00  1.10822E+01  1.10595E+02  1.34547E+01
  8.45980E-01  2.03431E+00  1.10969E+01  1.10511E+02  1.38261E+01
  8.40980E-01  2.03069E+00  1.11117E+01  1.10418E+02  1.42114E+01
  8.35980E-01  2.02696E+00  1.11266E+01  1.10316E+02  1.46128E+01
  8.30980E-01  2.02312E+00  1.11414E+01  1.10205E+02  1.50322E+01
  8.25980E-01  2.01917E+00  1.11562E+01  1.10084E+02  1.54678E+01
  8.20980E-01  2.01511E+00  1.11710E+01  1.09954E+02  1.59224E+01
  8.15980E-01  2.01094E+00  1.11859E+01  1.09814E+02  1.63981E+01
  8.10980E-01  2.00664E+00  1.12007E+01  1.09664E+02  1.68931E+01
  8.05980E-01  2.00223E+00  1.12156E+01  1.09504E+02  1.74100E+01
  8.00980E-01  1.99770E+00  1.12304E+01  1.09333E+02  1.79508E+01
  7.95980E-01  1.99304E+00  1.12452E+01  1.09151E+02  1.85151E+01
  7.90980E-01  1.98826E+00  1.12601E+01  1.08959E+02  1.91049E+01
  7.85980E-01  1.98336E+00  1.12748E+01  1.08756E+02  1.97240E+01
  7.80980E-01  1.97832E+00  1.12896E+01  1.08542E+02  2.03693E+01
  7.75980E-01  1.97315E+00  1.13045E+01  1.08316E+02  2.10452E+01
  7.70980E-01  1.96785E+00  1.13192E+01  1.08078E+02  2.17552E+01
  7.65980E-01  1.96241E+00  1.13339E+01  1.07829E+02  2.24964E+01
  7.60980E-01  1.95683E+00  1.13487E+01  1.07567E+02  2.32741E+01
  7.55980E-01  1.95111E+00  1.13633E+01  1.07294E+02  2.40921E+01
  7.50980E-01  1.94525E+00  1.13780E+01  1.07007E+02  2.49492E+01
  7.45980E-01  1.93924E+00  1.13927E+01  1.06709E+02  2.58474E+01
  7.40980E-01  1.93308E+00  1.14073E+01  1.06397E+02  2.67928E+01
  7.35980E-01  1.92677E+00  1.14219E+01  1.06072E+02  2.77885E+01
  7.30980E-01  1.92032E+00  1.14364E+01  1.05734E+02  2.88304E+01
  7.25980E-01  1.91370E+00  1.14508E+01  1.05383E+02  2.99319E+01
  7.20980E-01  1.90693E+00  1.14653E+01  1.05018E+02  3.10887E+01
  7.15980E-01  1.90000E+00  1.14796E+01  1.04639E+02  3.23096E+01
  7.10980E-01  1.89290E+00  1.14939E+01  1.04246E+02  3.35929E+01
  7.05980E-01  1.88565E+00  1.15082E+01  1.03838E+02  3.49461E+01
  7.00980E-01  1.87822E+00  1.15223E+01  1.03417E+02  3.63793E+01
  6.95980E-01  1.87063E+00  1.15365E+01  1.02980E+02  3.78886E+01
  6.90980E-01  1.86286E+00  1.15505E+01  1.02529E+02  3.94867E+01
  6.85980E-01  1.85492E+00  1.15645E+01  1.02063E+02  4.11702E+01
  6.80980E-01  1.84681E+00  1.15784E+01  1.01582E+02  4.29513E+01
  6.75980E-01  1.83851E+00  1.15921E+01  1.01086E+02  4.48431E+01
  6.70980E-01  1.83004E+00  1.16059E+01  1.00574E+02  4.68420E+01
  6.65980E-01  1.82138E+00  1.16195E+01  1.00046E+02  4.89640E+01
  6.60980E-01  1.81254E+00  1.16330E+01  9.95027E+01  5.12129E+01
  6.55980E-01  1.80351E+00  1.16464E+01  9.89434E+01  5.35909E+01
  6.50980E-01  1.79428E+00  1.16597E+01  9.83682E+01  5.61294E+01
  6.45980E-01  1.78487E+00  1.16730E+01  9.77768E+01  5.88182E+01
  6.40980E-01  1.77527E+00  1.16860E+01  9.71691E+01  6.16805E+01
  6.35980E-01  1.76546E+00  1.16990E+01  9.65450E+01  6.47284E+01
  6.30980E-01  1.75546E+00  1.17117E+01  9.59045E+01  6.79801E+01
  6.25980E-01  1.74526E+00  1.17244E+01  9.52473E+01  7.14378E+01
  6.20980E-01  1.73486E+00  1.17370E+01  9.45736E+01  7.51227E+01
  6.15980E-01  1.72425E+00  1.17493E+01  9.38830E+01  7.90597E+01
  6.10980E-01  1.71344E+00  1.17616E+01  9.31755E+01  8.32594E+01
  6.05980E-01  1.70242E+00  1.17736E+01  9.24515E+01  8.77664E+01
  6.00980E-01  1.69119E+00  1.17856E+01  9.17104E+01  9.25733E+01
  5.95980E-01  1.67975E+00  1.17973E+01  9.09525E+01  9.77315E+01
  5.90980E-01  1.66810E+00  1.18090E+01  9.01777E+01  1.03250E+02
  5.85980E-01  1.65624E+00  1.18202E+01  8.93860E+01  1.09179E+02
  5.80980E-01  1.64416E+00  1.18316E+01  8.85774E+01  1.15541E+02
  5.75980E-01  1.63187E+00  1.18426E+01  8.77521E+01  1.22372E+02
  5.70980E-01  1.61936E+00  1.18535E+01  8.69100E+01  1.29726E+02
  5.65980E-01  1.60663E+00  1.18640E+01  8.60510E+01  1.37646E+02
  5.60980E-01  1.59369E+00  1.18745E+01  8.51758E+01  1.46174E+02
  5.55980E-01  1.58052E+00  1.18847E+01  8.42835E+01  1.55385E+02
  5.50980E-01  1.56713E+00  1.18948E+01  8.33754E+01  1.65302E+02
  5.45980E-01  1.55353E+00  1.19044E+01  8.24506E+01  1.76042E+02
  5.40980E-01  1.53970E+00  1.19141E+01  8.15099E+01  1.87657E+02
  5.35980E-01  1.52565E+00  1.19234E+01  8.05532E+01  2.00229E+02
  5.30980E-01  1.51139E+00  1.19326E+01  7.95809E+01  2.13859E+02
  5.25980E-01  1.49690E+00  1.19412E+01  7.85931E+01  2.28667E+02
  5.20980E-01  1.48219E+00  1.19500E+01  7.75900E+01  2.44727E+02
  5.15980E-01  1.46727E+00  1.19582E+01  7.65720E+01  2.62217E+02
  5.10980E-01  1.45212E+00  1.19663E+01  7.55393E+01  2.81222E+02
  5.05980E-01  1.43676E+00  1.19741E+01  7.44923E+01  3.02012E+02
  5.00980E-01  1.42119E+00  1.19817E+01  7.34313E+01  3.24666E+02
  4.95980E-01  1.40540E+00  1.19891E+01  7.23565E+01  3.49366E+02
  4.90980E-01  1.38939E+00  1.19960E+01  7.12685E+01  3.76434E+02
  4.85980E-01  1.37318E+00  1.20029E+01  7.01677E+01  4.06070E+02
  4.80980E-01  1.35675E+00  1.20093E+01  6.90543E+01  4.38597E+02
  4.75980E-01  1.34012E+00  1.20155E+01  6.79291E+01  4.74254E+02
  4.70980E-01  1.32329E+00  1.20215E+01  6.67924E+01  5.13603E+02
  4.65980E-01  1.30626E+00  1.20271E+01  6.56447E+01  5.56801E+02
  4.60980E-01  1.28903E+00  1.20326E+01  6.44865E+01  6.04372E+02
  4.55980E-01  1.27160E+00  1.20376E+01  6.33186E+01  6.57053E+02
  4.50980E-01  1.25399E+00  1.20426E+01  6.21412E+01  7.15268E+02
  4.45980E-01  1.23619E+00  1.20472E+01  6.09553E+01  7.79589E+02
  4.40980E-01  1.21821E+00  1.20514E+01  5.97613E+01  8.51097E+02
  4.35980E-01  1.20005E+00  1.20556E+01  5.85600E+01  9.30338E+02
  4.30980E-01  1.18172E+00  1.20595E+01  5.73519E+01  1.01860E+03
  4.25980E-01  1.16323E+00  1.20629E+01  5.61379E+01  1.11698E+03
  4.20980E-01  1.14457E+00  1.20664E+01  5.49188E+01  1.22659E+03
  4.15980E-01  1.12577E+00  1.20696E+01  5.36951E+01  1.34922E+03
  4.10980E-01  1.10681E+00  1.20723E+01  5.24678E+01  1.48665E+03
  4.05980E-01  1.08771E+00  1.20753E+01  5.12375E+01  1.64072E+03
  4.00980E-01  1.06848E+00  1.20780E+01  5.00053E+01  1.81348E+03
  3.95980E-01  1.04912E+00  1.20802E+01  4.87718E+01  2.00838E+03
  3.90980E-01  1.02965E+00  1.20826E+01  4.75380E+01  2.22780E+03
  3.85980E-01  1.01006E+00  1.20849E+01  4.63046E+01  2.47572E+03
  3.80980E-01  9.90373E-01  1.20871E+01  4.50728E+01  2.75690E+03
  3.75980E-01  9.70593E-01  1.20891E+01  4.38433E+01  3.07544E+03
  3.70980E-01  9.50728E-01  1.20911E+01  4.26170E+01  3.43735E+03
  3.65980E-01  9.30791E-01  1.20935E+01  4.13950E+01  3.84996E+03
  3.60980E-01  9.10791E-01  1.20960E+01  4.01782E+01  4.32001E+03
  3.55980E-01  8.90736E-01  1.20982E+01  3.89674E+01  4.85895E+03
  3.50980E-01  8.70639E-01  1.21007E+01  3.77637E+01  5.47554E+03
  3.45980E-01  8.50511E-01  1.21034E+01  3.65682E+01  6.18414E+03
  3.40980E-01  8.30363E-01  1.21069E+01  3.53816E+01  7.00131E+03
  3.35980E-01  8.10207E-01  1.21106E+01  3.42050E+01  7.94097E+03
  3.30980E-01  7.90054E-01  1.21149E+01  3.30394E+01  9.03247E+03
  3.25980E-01  7.69919E-01  1.21196E+01  3.18858E+01  1.02968E+04
  3.20980E-01  7.49813E-01  1.21249E+01  3.07450E+01  1.17698E+04
  3.15980E-01  7.29748E-01  1.21312E+01  2.96181E+01  1.34832E+04
  3.10980E-01  7.09738E-01  1.21382E+01  2.85059E+01  1.54895E+04
  3.05980E-01  6.89797E-01  1.21467E+01  2.74094E+01  1.78403E+04
  3.00980E-01  6.69940E-01  1.21562E+01  2.63296E+01  2.06036E+04
  2.95980E-01  6.50180E-01  1.21676E+01  2.52673E+01  2.38612E+04
  2.90980E-01  6.30530E-01  1.21802E+01  2.42234E+01  2.77184E+04
  2.85980E-01  6.11006E-01  1.21951E+01  2.31986E+01  3.22952E+04
  2.80980E-01  5.91621E-01  1.22117E+01  2.21938E+01  3.77359E+04
  2.75980E-01  5.72391E-01  1.22313E+01  2.12099E+01  4.42337E+04
  2.70980E-01  5.53331E-01  1.22530E+01  2.02475E+01  5.20301E+04
  2.65980E-01  5.34457E-01  1.22784E+01  1.93074E+01  6.13777E+04
  2.60980E-01  5.15782E-01  1.23070E+01  1.83903E+01  7.26716E+04
  2.55980E-01  4.97322E-01  1.23402E+01  1.74967E+01  8.63416E+04
  2.50980E-01  4.79089E-01  1.23775E+01  1.66272E+01  1.02942E+05
  2.45980E-01  4.61101E-01  1.24199E+01  1.57825E+01  1.23167E+05
  2.40980E-01  4.43374E-01  1.24678E+01  1.49630E+01  1.48008E+05
  2.35980E-01  4.25919E-01  1.25219E+01  1.41690E+01  1.78391E+05
  2.30980E-01  4.08755E-01  1.25842E+01  1.34012E+01  2.16050E+05
  2.25980E-01  3.91894E-01  1.26551E+01  1.26599E+01  2.62755E+05
  2.20980E-01  3.75351E-01  1.27347E+01  1.19451E+01  3.20622E+05
  2.15980E-01  3.59141E-01  1.28250E+01  1.12575E+01  3.93279E+05
  2.10980E-01  3.43277E-01  1.29288E+01  1.05969E+01  4.84502E+05
  2.05980E-01  3.27771E-01  1.30460E+01  9.96349E+00  5.99313E+05
  2.00980E-01  3.12638E-01  1.31794E+01  9.35751E+00  7.45254E+05
  1.95980E-01  2.97891E-01  1.33325E+01  8.77885E+00  9.31044E+05
  1.90980E-01  2.83540E-01  1.35051E+01  8.22746E+00  1.16889E+06
  1.85980E-01  2.69600E-01  1.37062E+01  7.70342E+00  1.47473E+06
  1.80980E-01  2.56081E-01  1.39330E+01  7.20642E+00  1.87137E+06
  1.75980E-01  2.42995E-01  1.41972E+01  6.73641E+00  2.38626E+06
  1.70980E-01  2.30350E-01  1.44998E+01  6.29305E+00  3.06104E+06
  1.65980E-01  2.18158E-01  1.48508E+01  5.87619E+00  3.94708E+06
  1.60980E-01  2.06430E-01  1.52623E+01  5.48564E+00  5.11815E+06
  1.55980E-01  1.95172E-01  1.57417E+01  5.12098E+00  6.68268E+06
  1.50980E-01  1.84394E-01  1.63047E+01  4.78194E+00  8.77563E+06
  1.45980E-01  1.74104E-01  1.69719E+01  4.46832E+00  1.15980E+07
  1.40980E-01  1.64310E-01  1.77714E+01  4.17995E+00  1.54272E+07
  1.35980E-01  1.55020E-01  1.87341E+01  3.91667E+00  2.06811E+07
  1.30980E-01  1.46242E-01  1.99071E+01  3.67856E+00  2.79462E+07
  1.25980E-01  1.37982E-01  2.13557E+01  3.46584E+00  3.81213E+07
  1.20980E-01  1.30250E-01  2.31690E+01  3.27920E+00  5.26967E+07
  1.15980E-01  1.23056E-01  2.54923E+01  3.12021E+00  7.41335E+07
  1.10980E-01  1.16407E-01  2.85231E+01  2.99102E+00  1.07386E+08
  1.05980E-01  1.10319E-01  3.25722E+01  2.89644E+00  1.64274E+08
  1.00980E-01  1.04816E-01  3.82536E+01  2.84679E+00  2.79928E+08
  9.59801E-02  9.99227E-02  4.65431E+01  2.86217E+00  5.88622E+08
  9.09801E-02  9.56900E-02  5.95134E+01  2.99557E+00  1.80375E+09
  8.59801E-02  9.22175E-02  8.16876E+01  3.40803E+00  9.57820E+09
  8.09801E-02  8.99729E-02  1.19453E+02  4.57240E+00  8.18626E+10
