  1.29598E+00  1.89052E+00  9.88497E+00  8.06702E+01  7.61637E+00
  1.29098E+00  1.89052E+00  9.89577E+00  8.08045E+01  7.70459E+00
  1.28598E+00  1.89049E+00  9.90663E+00  8.09379E+01  7.79437E+00
  1.28098E+00  1.89045E+00  9.91751E+00  8.10709E+01  7.88621E+00
  1.27598E+00  1.89038E+00  9.92839E+00  8.12032E+01  7.97985E+00
  1.27098E+00  1.89030E+00  9.93937E+00  8.13348E+01  8.07534E+00
  1.26598E+00  1.89020E+00  9.95037E+00  8.14656E+01  8.17298E+00
  1.26098E+00  1.89008E+00  9.96143E+00  8.15957E+01  8.27225E+00
  1.25598E+00  1.88993E+00  9.97252E+00  8.17250E+01  8.37415E+00
  1.25098E+00  1.88977E+00  9.98360E+00  8.18536E+01  8.47824E+00
  1.24598E+00  1.88959E+00  9.99476E+00  8.19812E+01  8.58402E+00
  1.24098E+00  1.88938E+00  1.00060E+01  8.21080E+01  8.69246E+00
  1.23598E+00  1.88915E+00  1.00172E+01  8.22339E+01  8.80296E+00
  1.23098E+00  1.88890E+00  1.00285E+01  8.23590E+01  8.91587E+00
  1.22598E+00  1.88863E+00  1.00399E+01  8.24830E+01  9.03137E+00
  1.22098E+00  1.88834E+00  1.00512E+01  8.26062E+01  9.14910E+00
  1.21598E+00  1.88802E+00  1.00626E+01  8.27283E+01  9.26998E+00
  1.21098E+00  1.88768E+00  1.00741E+01  8.28493E+01  9.39294E+00
  1.20598E+00  1.88731E+00  1.00856E+01  8.29694E+01  9.51877E+00
  1.20098E+00  1.88692E+00  1.00971E+01  8.30883E+01  9.64779E+00
  1.19598E+00  1.88651E+00  1.01086E+01  8.32062E+01  9.77940E+00
  1.19098E+00  1.88607E+00  1.01203E+01  8.33229E+01  9.91404E+00
  1.18598E+00  1.88561E+00  1.01319E+01  8.34383E+01  1.00517E+01
  1.18098E+00  1.88512E+00  1.01436E+01  8.35526E+01  1.01924E+01
  1.17598E+00  1.88460E+00  1.01554E+01  8.36656E+01  1.03365E+01
  1.17098E+00  1.88405E+00  1.01671E+01  8.37773E+01  1.04837E+01
  1.16598E+00  1.88348E+00  1.01790E+01  8.38877E+01  1.06349E+01
  1.16098E+00  1.88289E+00  1.01908E+01  8.39968E+01  1.07889E+01
  1.15598E+00  1.88226E+00  1.02027E+01  8.41043E+01  1.09468E+01
  1.15098E+00  1.88160E+00  1.02147E+01  8.42106E+01  1.11088E+01
  1.14598E+00  1.88092E+00  1.02266E+01  8.43153E+01  1.12743E+01
  1.14098E+00  1.88021E+00  1.02386E+01  8.44185E+01  1.14441E+01
  1.13598E+00  1.87946E+00  1.02507E+01  8.45201E+01  1.16172E+01
  1.13098E+00  1.87869E+00  1.02628E+01  8.46202E+01  1.17954E+01
  1.12598E+00  1.87788E+00  1.02749E+01  8.47187E+01  1.19775E+01
  1.12098E+00  1.87705E+00  1.02871E+01  8.48154E+01  1.21643E+01
  1.11598E+00  1.87618E+00  1.02993E+01  8.49105E+01  1.23558E+01
  1.11098E+00  1.87528E+00  1.03116E+01  8.50037E+01  1.25512E+01
  1.10598E+00  1.87434E+00  1.03239E+01  8.50952E+01  1.27530E+01
  1.10098E+00  1.87338E+00  1.03361E+01  8.51848E+01  1.29587E+01
  1.09598E+00  1.87237E+00  1.03485E+01  8.52725E+01  1.31702E+01
  1.09098E+00  1.87134E+00  1.03609E+01  8.53583E+01  1.33869E+01
  1.08598E+00  1.87027E+00  1.03734E+01  8.54420E+01  1.36090E+01
  1.08098E+00  1.86916E+00  1.03859E+01  8.55238E+01  1.38372E+01
  1.07598E+00  1.86802E+00  1.03984E+01  8.56034E+01  1.40712E+01
  1.07098E+00  1.86684E+00  1.04109E+01  8.56810E+01  1.43113E+01
  1.06598E+00  1.86562E+00  1.04235E+01  8.57562E+01  1.45570E+01
  1.06098E+00  1.86437E+00  1.04361E+01  8.58292E+01  1.48110E+01
  1.05598E+00  1.86307E+00  1.04487E+01  8.58999E+01  1.50703E+01
  1.05098E+00  1.86174E+00  1.04614E+01  8.59685E+01  1.53374E+01
  1.04598E+00  1.86037E+00  1.04742E+01  8.60344E+01  1.56112E+01
  1.04098E+00  1.85896E+00  1.04870E+01  8.60979E+01  1.58927E+01
  1.03598E+00  1.85750E+00  1.04998E+01  8.61589E+01  1.61817E+01
  1.03098E+00  1.85601E+00  1.05126E+01  8.62173E+01  1.64794E+01
  1.02598E+00  1.85447E+00  1.05254E+01  8.62731E+01  1.67844E+01
  1.02098E+00  1.85289E+00  1.05384E+01  8.63262E+01  1.70982E+01
  1.01598E+00  1.85126E+00  1.05512E+01  8.63764E+01  1.74219E+01
  1.01098E+00  1.84959E+00  1.05642E+01  8.64238E+01  1.77538E+01
  1.00598E+00  1.84788E+00  1.05772E+01  8.64683E+01  1.80955E+01
  1.00098E+00  1.84612E+00  1.05902E+01  8.65099E+01  1.84467E+01
  9.95980E-01  1.84431E+00  1.06032E+01  8.65485E+01  1.88084E+01
  9.90980E-01  1.84246E+00  1.06163E+01  8.65839E+01  1.91808E+01
  9.85980E-01  1.84056E+00  1.06294E+01  8.66162E+01  1.95640E+01
  9.80980E-01  1.83861E+00  1.06425E+01  8.66452E+01  1.99575E+01
  9.75980E-01  1.83660E+00  1.06556E+01  8.66708E+01  2.03650E+01
  9.70980E-01  1.83455E+00  1.06688E+01  8.66931E+01  2.07833E+01
  9.65980E-01  1.83245E+00  1.06820E+01  8.67118E+01  2.12150E+01
  9.60980E-01  1.83030E+00  1.06952E+01  8.67271E+01  2.16590E+01
  9.55980E-01  1.82809E+00  1.07085E+01  8.67386E+01  2.21170E+01
  9.50980E-01  1.82583E+00  1.07217E+01  8.67464E+01  2.25895E+01
  9.45980E-01  1.82351E+00  1.07350E+01  8.67504E+01  2.30764E+01
  9.40980E-01  1.82114E+00  1.07483E+01  8.67505E+01  2.35779E+01
  9.35980E-01  1.81871E+00  1.07616E+01  8.67466E+01  2.40968E+01
  9.30980E-01  1.81623E+00  1.07749E+01  8.67385E+01  2.46314E+01
  9.25980E-01  1.81368E+00  1.07882E+01  8.67263E+01  2.51837E+01
  9.20980E-01  1.81108E+00  1.08016E+01  8.67097E+01  2.57525E+01
  9.15980E-01  1.80842E+00  1.08150E+01  8.66887E+01  2.63405E+01
  9.10980E-01  1.80569E+00  1.08283E+01  8.66631E+01  2.69489E+01
  9.05980E-01  1.80290E+00  1.08417E+01  8.66327E+01  2.75756E+01
  9.00980E-01  1.80013E+00  1.08547E+01  8.65985E+01  2.82053E+01
  8.95980E-01  1.79732E+00  1.08675E+01  8.65600E+01  2.88514E+01
  8.90980E-01  1.79444E+00  1.08804E+01  8.65167E+01  2.95177E+01
  8.85980E-01  1.79151E+00  1.08933E+01  8.64685E+01  3.02025E+01
  8.80980E-01  1.78853E+00  1.09061E+01  8.64156E+01  3.09118E+01
  8.75980E-01  1.78548E+00  1.09189E+01  8.63575E+01  3.16405E+01
  8.70980E-01  1.78237E+00  1.09317E+01  8.62944E+01  3.23955E+01
  8.65980E-01  1.77919E+00  1.09444E+01  8.62262E+01  3.31714E+01
  8.60980E-01  1.77596E+00  1.09571E+01  8.61527E+01  3.39769E+01
  8.55980E-01  1.77265E+00  1.09697E+01  8.60738E+01  3.48075E+01
  8.50980E-01  1.76928E+00  1.09824E+01  8.59894E+01  3.56662E+01
  8.45980E-01  1.76584E+00  1.09951E+01  8.58994E+01  3.65540E+01
  8.40980E-01  1.76233E+00  1.10077E+01  8.58037E+01  3.74729E+01
  8.35980E-01  1.75874E+00  1.10203E+01  8.57022E+01  3.84264E+01
  8.30980E-01  1.75508E+00  1.10329E+01  8.55948E+01  3.94111E+01
  8.25980E-01  1.75135E+00  1.10455E+01  8.54813E+01  4.04335E+01
  8.20980E-01  1.74753E+00  1.10580E+01  8.53616E+01  4.14939E+01
  8.15980E-01  1.74364E+00  1.10706E+01  8.52356E+01  4.25959E+01
  8.10980E-01  1.73966E+00  1.10832E+01  8.51031E+01  4.37376E+01
  8.05980E-01  1.73559E+00  1.10957E+01  8.49638E+01  4.49247E+01
  8.00980E-01  1.73144E+00  1.11082E+01  8.48181E+01  4.61582E+01
  7.95980E-01  1.72720E+00  1.11207E+01  8.46653E+01  4.74411E+01
  7.90980E-01  1.72286E+00  1.11333E+01  8.45054E+01  4.87768E+01
  7.85980E-01  1.71843E+00  1.11457E+01  8.43384E+01  5.01677E+01
  7.80980E-01  1.71391E+00  1.11582E+01  8.41639E+01  5.16189E+01
  7.75980E-01  1.70928E+00  1.11708E+01  8.39821E+01  5.31282E+01
  7.70980E-01  1.70456E+00  1.11833E+01  8.37924E+01  5.47039E+01
  7.65980E-01  1.69973E+00  1.11958E+01  8.35949E+01  5.63504E+01
  7.60980E-01  1.69479E+00  1.12083E+01  8.33895E+01  5.80650E+01
  7.55980E-01  1.68975E+00  1.12208E+01  8.31758E+01  5.98637E+01
  7.50980E-01  1.68460E+00  1.12332E+01  8.29539E+01  6.17414E+01
  7.45980E-01  1.67933E+00  1.12457E+01  8.27235E+01  6.37049E+01
  7.40980E-01  1.67395E+00  1.12583E+01  8.24843E+01  6.57606E+01
  7.35980E-01  1.66845E+00  1.12707E+01  8.22364E+01  6.79145E+01
  7.30980E-01  1.66283E+00  1.12832E+01  8.19793E+01  7.01695E+01
  7.25980E-01  1.65708E+00  1.12957E+01  8.17133E+01  7.25363E+01
  7.20980E-01  1.65121E+00  1.13081E+01  8.14379E+01  7.50214E+01
  7.15980E-01  1.64522E+00  1.13206E+01  8.11530E+01  7.76296E+01
  7.10980E-01  1.63909E+00  1.13331E+01  8.08584E+01  8.03695E+01
  7.05980E-01  1.63284E+00  1.13454E+01  8.05541E+01  8.32460E+01
  7.00980E-01  1.62645E+00  1.13579E+01  8.02398E+01  8.62775E+01
  6.95980E-01  1.61992E+00  1.13703E+01  7.99156E+01  8.94657E+01
  6.90980E-01  1.61325E+00  1.13826E+01  7.95809E+01  9.28258E+01
  6.85980E-01  1.60645E+00  1.13950E+01  7.92360E+01  9.63656E+01
  6.80980E-01  1.59950E+00  1.14074E+01  7.88804E+01  1.00097E+02
  6.75980E-01  1.59241E+00  1.14197E+01  7.85142E+01  1.04035E+02
  6.70980E-01  1.58517E+00  1.14320E+01  7.81373E+01  1.08182E+02
  6.65980E-01  1.57778E+00  1.14442E+01  7.77495E+01  1.12582E+02
  6.60980E-01  1.57025E+00  1.14564E+01  7.73507E+01  1.17225E+02
  6.55980E-01  1.56256E+00  1.14687E+01  7.69407E+01  1.22132E+02
  6.50980E-01  1.55472E+00  1.14807E+01  7.65194E+01  1.27333E+02
  6.45980E-01  1.54672E+00  1.14929E+01  7.60868E+01  1.32840E+02
  6.40980E-01  1.53857E+00  1.15050E+01  7.56429E+01  1.38671E+02
  6.35980E-01  1.53025E+00  1.15169E+01  7.51874E+01  1.44864E+02
  6.30980E-01  1.52178E+00  1.15289E+01  7.47202E+01  1.51425E+02
  6.25980E-01  1.51314E+00  1.15409E+01  7.42414E+01  1.58409E+02
  6.20980E-01  1.50434E+00  1.15527E+01  7.37508E+01  1.65833E+02
  6.15980E-01  1.49538E+00  1.15645E+01  7.32484E+01  1.73717E+02
  6.10980E-01  1.48625E+00  1.15761E+01  7.27341E+01  1.82121E+02
  6.05980E-01  1.47696E+00  1.15879E+01  7.22082E+01  1.91061E+02
  6.00980E-01  1.46749E+00  1.15995E+01  7.16701E+01  2.00599E+02
  5.95980E-01  1.45786E+00  1.16109E+01  7.11202E+01  2.10773E+02
  5.90980E-01  1.44806E+00  1.16224E+01  7.05584E+01  2.21643E+02
  5.85980E-01  1.43809E+00  1.16337E+01  6.99847E+01  2.33244E+02
  5.80980E-01  1.42795E+00  1.16450E+01  6.93990E+01  2.45648E+02
  5.75980E-01  1.41764E+00  1.16562E+01  6.88015E+01  2.58937E+02
  5.70980E-01  1.40715E+00  1.16673E+01  6.81920E+01  2.73140E+02
  5.65980E-01  1.39649E+00  1.16781E+01  6.75707E+01  2.88405E+02
  5.60980E-01  1.38566E+00  1.16891E+01  6.69378E+01  3.04772E+02
  5.55980E-01  1.37466E+00  1.17000E+01  6.62930E+01  3.22334E+02
  5.50980E-01  1.36348E+00  1.17106E+01  6.56367E+01  3.41219E+02
  5.45980E-01  1.35213E+00  1.17212E+01  6.49688E+01  3.61540E+02
  5.40980E-01  1.34060E+00  1.17316E+01  6.42895E+01  3.83422E+02
  5.35980E-01  1.32891E+00  1.17421E+01  6.35990E+01  4.06981E+02
  5.30980E-01  1.31704E+00  1.17523E+01  6.28973E+01  4.32416E+02
  5.25980E-01  1.30500E+00  1.17625E+01  6.21845E+01  4.59866E+02
  5.20980E-01  1.29278E+00  1.17725E+01  6.14608E+01  4.89554E+02
  5.15980E-01  1.28040E+00  1.17825E+01  6.07265E+01  5.21643E+02
  5.10980E-01  1.26785E+00  1.17923E+01  5.99816E+01  5.56420E+02
  5.05980E-01  1.25513E+00  1.18019E+01  5.92265E+01  5.94122E+02
  5.00980E-01  1.24224E+00  1.18114E+01  5.84612E+01  6.35029E+02
  4.95980E-01  1.22918E+00  1.18210E+01  5.76861E+01  6.79439E+02
  4.90980E-01  1.21596E+00  1.18303E+01  5.69013E+01  7.27769E+02
  4.85980E-01  1.20258E+00  1.18395E+01  5.61072E+01  7.80448E+02
  4.80980E-01  1.18904E+00  1.18486E+01  5.53039E+01  8.37777E+02
  4.75980E-01  1.17534E+00  1.18576E+01  5.44919E+01  9.00325E+02
  4.70980E-01  1.16148E+00  1.18666E+01  5.36713E+01  9.68668E+02
  4.65980E-01  1.14746E+00  1.18753E+01  5.28425E+01  1.04361E+03
  4.60980E-01  1.13330E+00  1.18842E+01  5.20058E+01  1.12552E+03
  4.55980E-01  1.11899E+00  1.18927E+01  5.11617E+01  1.21540E+03
  4.50980E-01  1.10452E+00  1.19012E+01  5.03104E+01  1.31403E+03
  4.45980E-01  1.08992E+00  1.19096E+01  4.94522E+01  1.42251E+03
  4.40980E-01  1.07518E+00  1.19180E+01  4.85877E+01  1.54181E+03
  4.35980E-01  1.06030E+00  1.19264E+01  4.77172E+01  1.67341E+03
  4.30980E-01  1.04528E+00  1.19345E+01  4.68411E+01  1.81891E+03
  4.25980E-01  1.03014E+00  1.19429E+01  4.59599E+01  1.97948E+03
  4.20980E-01  1.01487E+00  1.19510E+01  4.50740E+01  2.15706E+03
  4.15980E-01  9.99487E-01  1.19591E+01  4.41839E+01  2.35453E+03
  4.10980E-01  9.83982E-01  1.19674E+01  4.32899E+01  2.57330E+03
  4.05980E-01  9.68366E-01  1.19756E+01  4.23927E+01  2.81658E+03
  4.00980E-01  9.52645E-01  1.19837E+01  4.14928E+01  3.08780E+03
  3.95980E-01  9.36820E-01  1.19922E+01  4.05905E+01  3.39022E+03
  3.90980E-01  9.20899E-01  1.20006E+01  3.96865E+01  3.72775E+03
  3.85980E-01  9.04888E-01  1.20090E+01  3.87814E+01  4.10659E+03
  3.80980E-01  8.88792E-01  1.20179E+01  3.78755E+01  4.53031E+03
  3.75980E-01  8.72618E-01  1.20268E+01  3.69696E+01  5.00602E+03
  3.70980E-01  8.56370E-01  1.20356E+01  3.60642E+01  5.54276E+03
  3.65980E-01  8.40056E-01  1.20451E+01  3.51597E+01  6.14622E+03
  3.60980E-01  8.23681E-01  1.20551E+01  3.42569E+01  6.82834E+03
  3.55980E-01  8.07254E-01  1.20648E+01  3.33563E+01  7.60001E+03
  3.50980E-01  7.90781E-01  1.20753E+01  3.24585E+01  8.47608E+03
  3.45980E-01  7.74270E-01  1.20861E+01  3.15641E+01  9.46962E+03
  3.40980E-01  7.57728E-01  1.20979E+01  3.06738E+01  1.06016E+04
  3.35980E-01  7.41163E-01  1.21100E+01  2.97881E+01  1.18910E+04
  3.30980E-01  7.24582E-01  1.21226E+01  2.89077E+01  1.33699E+04
  3.25980E-01  7.07993E-01  1.21362E+01  2.80330E+01  1.50608E+04
  3.20980E-01  6.91406E-01  1.21505E+01  2.71649E+01  1.70028E+04
  3.15980E-01  6.74829E-01  1.21663E+01  2.63039E+01  1.92390E+04
  3.10980E-01  6.58269E-01  1.21831E+01  2.54506E+01  2.18173E+04
  3.05980E-01  6.41738E-01  1.22007E+01  2.46058E+01  2.48032E+04
  3.00980E-01  6.25243E-01  1.22199E+01  2.37698E+01  2.82613E+04
  2.95980E-01  6.08794E-01  1.22406E+01  2.29434E+01  3.22928E+04
  2.90980E-01  5.92401E-01  1.22631E+01  2.21272E+01  3.69824E+04
  2.85980E-01  5.76072E-01  1.22874E+01  2.13217E+01  4.24705E+04
  2.80980E-01  5.59818E-01  1.23142E+01  2.05276E+01  4.89008E+04
  2.75980E-01  5.43647E-01  1.23430E+01  1.97453E+01  5.64679E+04
  2.70980E-01  5.27573E-01  1.23750E+01  1.89756E+01  6.53891E+04
  2.65980E-01  5.11605E-01  1.24095E+01  1.82191E+01  7.59294E+04
  2.60980E-01  4.95751E-01  1.24478E+01  1.74759E+01  8.84506E+04
  2.55980E-01  4.80022E-01  1.24893E+01  1.67469E+01  1.03360E+05
  2.50980E-01  4.64431E-01  1.25354E+01  1.60326E+01  1.21158E+05
  2.45980E-01  4.48986E-01  1.25858E+01  1.53334E+01  1.42499E+05
  2.40980E-01  4.33700E-01  1.26418E+01  1.46497E+01  1.68173E+05
  2.35980E-01  4.18583E-01  1.27035E+01  1.39821E+01  1.99221E+05
  2.30980E-01  4.03644E-01  1.27721E+01  1.33310E+01  2.36722E+05
  2.25980E-01  3.88898E-01  1.28473E+01  1.26967E+01  2.82530E+05
  2.20980E-01  3.74353E-01  1.29304E+01  1.20797E+01  3.38501E+05
  2.15980E-01  3.60021E-01  1.30239E+01  1.14804E+01  4.06900E+05
  2.10980E-01  3.45913E-01  1.31280E+01  1.08991E+01  4.91349E+05
  2.05980E-01  3.32039E-01  1.32436E+01  1.03360E+01  5.95911E+05
  2.00980E-01  3.18411E-01  1.33733E+01  9.79152E+00  7.25864E+05
  1.95980E-01  3.05040E-01  1.35185E+01  9.26588E+00  8.88063E+05
  1.90980E-01  2.91936E-01  1.36817E+01  8.75928E+00  1.09175E+06
  1.85980E-01  2.79110E-01  1.38657E+01  8.27193E+00  1.34871E+06
  1.80980E-01  2.66575E-01  1.40748E+01  7.80412E+00  1.67452E+06
  1.75980E-01  2.54338E-01  1.43091E+01  7.35582E+00  2.09043E+06
  1.70980E-01  2.42412E-01  1.45794E+01  6.92734E+00  2.62188E+06
  1.65980E-01  2.30806E-01  1.48848E+01  6.51867E+00  3.30972E+06
  1.60980E-01  2.19533E-01  1.52379E+01  6.13000E+00  4.20131E+06
  1.55980E-01  2.08600E-01  1.56437E+01  5.76138E+00  5.36462E+06
  1.50980E-01  1.98020E-01  1.61141E+01  5.41286E+00  6.89467E+06
  1.45980E-01  1.87802E-01  1.66644E+01  5.08465E+00  8.91750E+06
  1.40980E-01  1.77958E-01  1.73144E+01  4.77689E+00  1.16135E+07
  1.35980E-01  1.68497E-01  1.80872E+01  4.48978E+00  1.52360E+07
  1.30980E-01  1.59431E-01  1.90105E+01  4.22341E+00  2.01563E+07
  1.25980E-01  1.50769E-01  2.01304E+01  3.97831E+00  2.69018E+07
  1.20980E-01  1.42527E-01  2.15074E+01  3.75516E+00  3.62789E+07
  1.15980E-01  1.34714E-01  2.32314E+01  3.55494E+00  4.95712E+07
  1.10980E-01  1.27345E-01  2.54116E+01  3.37893E+00  6.90230E+07
  1.05980E-01  1.20440E-01  2.82760E+01  3.23056E+00  9.87897E+07
  1.00980E-01  1.14018E-01  3.21372E+01  3.11456E+00  1.48526E+08
  9.59800E-02  1.08104E-01  3.75255E+01  3.03990E+00  2.46206E+08
  9.09800E-02  1.02745E-01  4.55274E+01  3.02862E+00  4.99396E+08
  8.59800E-02  9.79933E-02  5.82186E+01  3.13198E+00  1.48767E+09
  8.09800E-02  9.39855E-02  8.10890E+01  3.53311E+00  8.41564E+09
