  1.04598E+00  2.14899E+00  1.08370E+01  1.15304E+02  6.18446E+00
  1.04098E+00  2.14897E+00  1.08504E+01  1.15518E+02  6.26907E+00
  1.03598E+00  2.14892E+00  1.08638E+01  1.15730E+02  6.35607E+00
  1.03098E+00  2.14883E+00  1.08772E+01  1.15940E+02  6.44519E+00
  1.02598E+00  2.14871E+00  1.08908E+01  1.16148E+02  6.53666E+00
  1.02098E+00  2.14854E+00  1.09043E+01  1.16353E+02  6.63060E+00
  1.01598E+00  2.14834E+00  1.09180E+01  1.16556E+02  6.72667E+00
  1.01098E+00  2.14810E+00  1.09316E+01  1.16756E+02  6.82585E+00
  1.00598E+00  2.14782E+00  1.09454E+01  1.16954E+02  6.92707E+00
  1.00098E+00  2.14749E+00  1.09591E+01  1.17150E+02  7.03190E+00
  9.95980E-01  2.14713E+00  1.09730E+01  1.17342E+02  7.13881E+00
  9.90980E-01  2.14672E+00  1.09869E+01  1.17532E+02  7.24894E+00
  9.85980E-01  2.14627E+00  1.10008E+01  1.17718E+02  7.36193E+00
  9.80980E-01  2.14577E+00  1.10148E+01  1.17902E+02  7.47866E+00
  9.75980E-01  2.14523E+00  1.10289E+01  1.18083E+02  7.59789E+00
  9.70980E-01  2.14464E+00  1.10430E+01  1.18260E+02  7.72104E+00
  9.65980E-01  2.14400E+00  1.10571E+01  1.18434E+02  7.84767E+00
  9.60980E-01  2.14332E+00  1.10713E+01  1.18605E+02  7.97797E+00
  9.55980E-01  2.14258E+00  1.10856E+01  1.18772E+02  8.11182E+00
  9.50980E-01  2.14179E+00  1.10999E+01  1.18935E+02  8.24992E+00
  9.45980E-01  2.14095E+00  1.11143E+01  1.19094E+02  8.39197E+00
  9.40980E-01  2.14006E+00  1.11287E+01  1.19250E+02  8.53823E+00
  9.35980E-01  2.13911E+00  1.11432E+01  1.19402E+02  8.68898E+00
  9.30980E-01  2.13810E+00  1.11577E+01  1.19549E+02  8.84450E+00
  9.25980E-01  2.13704E+00  1.11723E+01  1.19692E+02  9.00475E+00
  9.20980E-01  2.13592E+00  1.11869E+01  1.19830E+02  9.16998E+00
  9.15980E-01  2.13474E+00  1.12015E+01  1.19964E+02  9.34018E+00
  9.10980E-01  2.13349E+00  1.12163E+01  1.20094E+02  9.51601E+00
  9.05980E-01  2.13219E+00  1.12310E+01  1.20218E+02  9.69712E+00
  9.00980E-01  2.13082E+00  1.12458E+01  1.20337E+02  9.88500E+00
  8.95980E-01  2.12938E+00  1.12607E+01  1.20451E+02  1.00779E+01
  8.90980E-01  2.12788E+00  1.12756E+01  1.20560E+02  1.02779E+01
  8.85980E-01  2.12631E+00  1.12906E+01  1.20664E+02  1.04836E+01
  8.80980E-01  2.12466E+00  1.13056E+01  1.20761E+02  1.06975E+01
  8.75980E-01  2.12295E+00  1.13206E+01  1.20853E+02  1.09180E+01
  8.70980E-01  2.12116E+00  1.13357E+01  1.20939E+02  1.11460E+01
  8.65980E-01  2.11930E+00  1.13509E+01  1.21019E+02  1.13818E+01
  8.60980E-01  2.11736E+00  1.13661E+01  1.21092E+02  1.16258E+01
  8.55980E-01  2.11534E+00  1.13813E+01  1.21159E+02  1.18788E+01
  8.50980E-01  2.11325E+00  1.13966E+01  1.21219E+02  1.21406E+01
  8.45980E-01  2.11107E+00  1.14119E+01  1.21273E+02  1.24123E+01
  8.40980E-01  2.10880E+00  1.14273E+01  1.21319E+02  1.26928E+01
  8.35980E-01  2.10645E+00  1.14427E+01  1.21358E+02  1.29844E+01
  8.30980E-01  2.10401E+00  1.14581E+01  1.21390E+02  1.32865E+01
  8.25980E-01  2.10149E+00  1.14736E+01  1.21413E+02  1.35998E+01
  8.20980E-01  2.09887E+00  1.14891E+01  1.21429E+02  1.39253E+01
  8.15980E-01  2.09616E+00  1.15047E+01  1.21437E+02  1.42626E+01
  8.10980E-01  2.09335E+00  1.15202E+01  1.21437E+02  1.46147E+01
  8.05980E-01  2.09044E+00  1.15359E+01  1.21427E+02  1.49782E+01
  8.00980E-01  2.08743E+00  1.15515E+01  1.21409E+02  1.53578E+01
  7.95980E-01  2.08432E+00  1.15672E+01  1.21383E+02  1.57524E+01
  7.90980E-01  2.08111E+00  1.15829E+01  1.21346E+02  1.61619E+01
  7.85980E-01  2.07779E+00  1.15986E+01  1.21301E+02  1.65891E+01
  7.80980E-01  2.07436E+00  1.16144E+01  1.21245E+02  1.70333E+01
  7.75980E-01  2.07082E+00  1.16302E+01  1.21180E+02  1.74961E+01
  7.70980E-01  2.06716E+00  1.16460E+01  1.21104E+02  1.79787E+01
  7.65980E-01  2.06339E+00  1.16618E+01  1.21018E+02  1.84810E+01
  7.60980E-01  2.05949E+00  1.16776E+01  1.20921E+02  1.90061E+01
  7.55980E-01  2.05548E+00  1.16935E+01  1.20813E+02  1.95540E+01
  7.50980E-01  2.05134E+00  1.17094E+01  1.20694E+02  2.01249E+01
  7.45980E-01  2.04708E+00  1.17252E+01  1.20563E+02  2.07231E+01
  7.40980E-01  2.04268E+00  1.17411E+01  1.20420E+02  2.13476E+01
  7.35980E-01  2.03815E+00  1.17570E+01  1.20265E+02  2.19991E+01
  7.30980E-01  2.03349E+00  1.17729E+01  1.20098E+02  2.26826E+01
  7.25980E-01  2.02868E+00  1.17888E+01  1.19918E+02  2.33982E+01
  7.20980E-01  2.02374E+00  1.18047E+01  1.19725E+02  2.41463E+01
  7.15980E-01  2.01865E+00  1.18206E+01  1.19519E+02  2.49304E+01
  7.10980E-01  2.01342E+00  1.18365E+01  1.19298E+02  2.57538E+01
  7.05980E-01  2.00803E+00  1.18524E+01  1.19064E+02  2.66154E+01
  7.00980E-01  2.00249E+00  1.18682E+01  1.18816E+02  2.75209E+01
  6.95980E-01  1.99679E+00  1.18841E+01  1.18553E+02  2.84723E+01
  6.90980E-01  1.99094E+00  1.18999E+01  1.18276E+02  2.94715E+01
  6.85980E-01  1.98492E+00  1.19157E+01  1.17983E+02  3.05204E+01
  6.80980E-01  1.97874E+00  1.19315E+01  1.17675E+02  3.16263E+01
  6.75980E-01  1.97238E+00  1.19472E+01  1.17350E+02  3.27906E+01
  6.70980E-01  1.96585E+00  1.19629E+01  1.17010E+02  3.40149E+01
  6.65980E-01  1.95915E+00  1.19786E+01  1.16653E+02  3.53068E+01
  6.60980E-01  1.95227E+00  1.19942E+01  1.16280E+02  3.66693E+01
  6.55980E-01  1.94520E+00  1.20097E+01  1.15889E+02  3.81073E+01
  6.50980E-01  1.93795E+00  1.20253E+01  1.15481E+02  3.96276E+01
  6.45980E-01  1.93050E+00  1.20408E+01  1.15055E+02  4.12286E+01
  6.40980E-01  1.92287E+00  1.20561E+01  1.14611E+02  4.29247E+01
  6.35980E-01  1.91503E+00  1.20714E+01  1.14149E+02  4.47233E+01
  6.30980E-01  1.90700E+00  1.20867E+01  1.13668E+02  4.66260E+01
  6.25980E-01  1.89876E+00  1.21019E+01  1.13168E+02  4.86444E+01
  6.20980E-01  1.89032E+00  1.21170E+01  1.12649E+02  5.07794E+01
  6.15980E-01  1.88166E+00  1.21319E+01  1.12110E+02  5.30506E+01
  6.10980E-01  1.87279E+00  1.21468E+01  1.11551E+02  5.54607E+01
  6.05980E-01  1.86369E+00  1.21616E+01  1.10972E+02  5.80236E+01
  6.00980E-01  1.85438E+00  1.21763E+01  1.10372E+02  6.07524E+01
  5.95980E-01  1.84484E+00  1.21909E+01  1.09752E+02  6.36573E+01
  5.90980E-01  1.83508E+00  1.22053E+01  1.09110E+02  6.67541E+01
  5.85980E-01  1.82507E+00  1.22196E+01  1.08447E+02  7.00528E+01
  5.80980E-01  1.81484E+00  1.22338E+01  1.07763E+02  7.35756E+01
  5.75980E-01  1.80436E+00  1.22478E+01  1.07057E+02  7.73388E+01
  5.70980E-01  1.79365E+00  1.22617E+01  1.06329E+02  8.13646E+01
  5.65980E-01  1.78268E+00  1.22754E+01  1.05578E+02  8.56833E+01
  5.60980E-01  1.77147E+00  1.22889E+01  1.04805E+02  9.02988E+01
  5.55980E-01  1.76000E+00  1.23023E+01  1.04009E+02  9.52535E+01
  5.50980E-01  1.74828E+00  1.23156E+01  1.03191E+02  1.00578E+02
  5.45980E-01  1.73630E+00  1.23285E+01  1.02350E+02  1.06291E+02
  5.40980E-01  1.72405E+00  1.23413E+01  1.01485E+02  1.12442E+02
  5.35980E-01  1.71154E+00  1.23540E+01  1.00597E+02  1.19061E+02
  5.30980E-01  1.69877E+00  1.23664E+01  9.96860E+01  1.26201E+02
  5.25980E-01  1.68573E+00  1.23785E+01  9.87515E+01  1.33901E+02
  5.20980E-01  1.67241E+00  1.23904E+01  9.77933E+01  1.42225E+02
  5.15980E-01  1.65881E+00  1.24021E+01  9.68119E+01  1.51220E+02
  5.10980E-01  1.64495E+00  1.24136E+01  9.58071E+01  1.60968E+02
  5.05980E-01  1.63080E+00  1.24247E+01  9.47787E+01  1.71532E+02
  5.00980E-01  1.61637E+00  1.24356E+01  9.37271E+01  1.82981E+02
  4.95980E-01  1.60166E+00  1.24463E+01  9.26520E+01  1.95442E+02
  4.90980E-01  1.58667E+00  1.24566E+01  9.15539E+01  2.09007E+02
  4.85980E-01  1.57139E+00  1.24667E+01  9.04327E+01  2.23774E+02
  4.80980E-01  1.55583E+00  1.24764E+01  8.92888E+01  2.39895E+02
  4.75980E-01  1.53998E+00  1.24859E+01  8.81222E+01  2.57472E+02
  4.70980E-01  1.52384E+00  1.24950E+01  8.69334E+01  2.76701E+02
  4.65980E-01  1.50742E+00  1.25038E+01  8.57225E+01  2.97761E+02
  4.60980E-01  1.49071E+00  1.25123E+01  8.44899E+01  3.20866E+02
  4.55980E-01  1.47371E+00  1.25204E+01  8.32361E+01  3.46276E+02
  4.50980E-01  1.45643E+00  1.25282E+01  8.19614E+01  3.74181E+02
  4.45980E-01  1.43886E+00  1.25356E+01  8.06662E+01  4.04946E+02
  4.40980E-01  1.42102E+00  1.25427E+01  7.93512E+01  4.38831E+02
  4.35980E-01  1.40289E+00  1.25494E+01  7.80170E+01  4.76359E+02
  4.30980E-01  1.38449E+00  1.25556E+01  7.66640E+01  5.17893E+02
  4.25980E-01  1.36581E+00  1.25617E+01  7.52929E+01  5.63880E+02
  4.20980E-01  1.34685E+00  1.25672E+01  7.39045E+01  6.14992E+02
  4.15980E-01  1.32764E+00  1.25724E+01  7.24995E+01  6.71865E+02
  4.10980E-01  1.30815E+00  1.25773E+01  7.10787E+01  7.35152E+02
  4.05980E-01  1.28841E+00  1.25816E+01  6.96429E+01  8.05814E+02
  4.00980E-01  1.26841E+00  1.25857E+01  6.81932E+01  8.84975E+02
  3.95980E-01  1.24816E+00  1.25895E+01  6.67303E+01  9.73560E+02
  3.90980E-01  1.22768E+00  1.25928E+01  6.52553E+01  1.07308E+03
  3.85980E-01  1.20695E+00  1.25957E+01  6.37692E+01  1.18495E+03
  3.80980E-01  1.18600E+00  1.25983E+01  6.22732E+01  1.31118E+03
  3.75980E-01  1.16483E+00  1.26005E+01  6.07683E+01  1.45371E+03
  3.70980E-01  1.14344E+00  1.26025E+01  5.92559E+01  1.61493E+03
  3.65980E-01  1.12185E+00  1.26042E+01  5.77369E+01  1.79805E+03
  3.60980E-01  1.10007E+00  1.26054E+01  5.62129E+01  2.00613E+03
  3.55980E-01  1.07811E+00  1.26066E+01  5.46851E+01  2.24332E+03
  3.50980E-01  1.05597E+00  1.26075E+01  5.31549E+01  2.51424E+03
  3.45980E-01  1.03368E+00  1.26081E+01  5.16237E+01  2.82423E+03
  3.40980E-01  1.01123E+00  1.26086E+01  5.00927E+01  3.18048E+03
  3.35980E-01  9.88656E-01  1.26089E+01  4.85638E+01  3.59065E+03
  3.30980E-01  9.65954E-01  1.26093E+01  4.70382E+01  4.06301E+03
  3.25980E-01  9.43145E-01  1.26096E+01  4.55173E+01  4.60999E+03
  3.20980E-01  9.20246E-01  1.26100E+01  4.40031E+01  5.24459E+03
  3.15980E-01  8.97268E-01  1.26105E+01  4.24968E+01  5.98265E+03
  3.10980E-01  8.74228E-01  1.26113E+01  4.10001E+01  6.84322E+03
  3.05980E-01  8.51143E-01  1.26122E+01  3.95145E+01  7.85191E+03
  3.00980E-01  8.28033E-01  1.26137E+01  3.80418E+01  9.03391E+03
  2.95980E-01  8.04913E-01  1.26158E+01  3.65835E+01  1.04266E+04
  2.90980E-01  7.81803E-01  1.26186E+01  3.51412E+01  1.20708E+04
  2.85980E-01  7.58718E-01  1.26221E+01  3.37163E+01  1.40207E+04
  2.80980E-01  7.35682E-01  1.26267E+01  3.23106E+01  1.63384E+04
  2.75980E-01  7.12716E-01  1.26324E+01  3.09258E+01  1.91056E+04
  2.70980E-01  6.89837E-01  1.26396E+01  2.95631E+01  2.24186E+04
  2.65980E-01  6.67067E-01  1.26485E+01  2.82242E+01  2.64009E+04
  2.60980E-01  6.44428E-01  1.26596E+01  2.69105E+01  3.12081E+04
  2.55980E-01  6.21941E-01  1.26725E+01  2.56233E+01  3.70396E+04
  2.50980E-01  5.99627E-01  1.26887E+01  2.43641E+01  4.41102E+04
  2.45980E-01  5.77509E-01  1.27074E+01  2.31342E+01  5.27646E+04
  2.40980E-01  5.55614E-01  1.27299E+01  2.19350E+01  6.33797E+04
  2.35980E-01  5.33955E-01  1.27565E+01  2.07672E+01  7.64526E+04
  2.30980E-01  5.12562E-01  1.27879E+01  1.96323E+01  9.26365E+04
  2.25980E-01  4.91458E-01  1.28249E+01  1.85315E+01  1.12763E+05
  2.20980E-01  4.70663E-01  1.28676E+01  1.74654E+01  1.37914E+05
  2.15980E-01  4.50199E-01  1.29178E+01  1.64349E+01  1.69508E+05
  2.10980E-01  4.30090E-01  1.29766E+01  1.54409E+01  2.09315E+05
  2.05980E-01  4.10359E-01  1.30441E+01  1.44840E+01  2.59939E+05
  2.00980E-01  3.91026E-01  1.31234E+01  1.35647E+01  3.24433E+05
  1.95980E-01  3.72113E-01  1.32152E+01  1.26835E+01  4.07199E+05
  1.90980E-01  3.53641E-01  1.33220E+01  1.18408E+01  5.14071E+05
  1.85980E-01  3.35632E-01  1.34455E+01  1.10368E+01  6.52636E+05
  1.80980E-01  3.18104E-01  1.35897E+01  1.02717E+01  8.33601E+05
  1.75980E-01  3.01076E-01  1.37571E+01  9.54550E+00  1.07146E+06
  1.70980E-01  2.84567E-01  1.39532E+01  8.85807E+00  1.38566E+06
  1.65980E-01  2.68596E-01  1.41816E+01  8.20936E+00  1.80432E+06
  1.60980E-01  2.53178E-01  1.44494E+01  7.59907E+00  2.36517E+06
  1.55980E-01  2.38328E-01  1.47637E+01  7.02671E+00  3.12302E+06
  1.50980E-01  2.24063E-01  1.51358E+01  6.49208E+00  4.15175E+06
  1.45980E-01  2.10395E-01  1.55781E+01  5.99450E+00  5.55971E+06
  1.40980E-01  1.97339E-01  1.61060E+01  5.53362E+00  7.50314E+06
  1.35980E-01  1.84905E-01  1.67418E+01  5.10877E+00  1.02043E+07
  1.30980E-01  1.73106E-01  1.75130E+01  4.71947E+00  1.39949E+07
  1.25980E-01  1.61952E-01  1.84601E+01  4.36527E+00  1.93526E+07
  1.20980E-01  1.51451E-01  1.96374E+01  4.04573E+00  2.70178E+07
  1.15980E-01  1.41616E-01  2.11210E+01  3.76098E+00  3.81366E+07
  1.10980E-01  1.32455E-01  2.30229E+01  3.51136E+00  5.45841E+07
  1.05980E-01  1.23979E-01  2.55236E+01  3.29812E+00  7.97105E+07
  1.00980E-01  1.16202E-01  2.88997E+01  3.12423E+00  1.20428E+08
  9.59801E-02  1.09144E-01  3.36557E+01  2.99622E+00  1.94666E+08
  9.09801E-02  1.02829E-01  4.06462E+01  2.92821E+00  3.65756E+08
  8.59800E-02  9.73027E-02  5.17266E+01  2.95716E+00  9.57915E+08
  8.09800E-02  9.26970E-02  7.11112E+01  3.20117E+00  4.60541E+09
