  1.25098E+00  1.99963E+00  9.86388E+00  8.97451E+01  4.75432E+00
  1.24598E+00  1.99962E+00  9.87589E+00  8.98989E+01  4.81881E+00
  1.24098E+00  1.99958E+00  9.88793E+00  9.00514E+01  4.88477E+00
  1.23598E+00  1.99952E+00  9.90002E+00  9.02029E+01  4.95231E+00
  1.23098E+00  1.99943E+00  9.91214E+00  9.03530E+01  5.02162E+00
  1.22598E+00  1.99932E+00  9.92433E+00  9.05017E+01  5.09229E+00
  1.22098E+00  1.99918E+00  9.93655E+00  9.06492E+01  5.16473E+00
  1.21598E+00  1.99901E+00  9.94882E+00  9.07954E+01  5.23874E+00
  1.21098E+00  1.99881E+00  9.96110E+00  9.09400E+01  5.31490E+00
  1.20598E+00  1.99858E+00  9.97347E+00  9.10832E+01  5.39294E+00
  1.20098E+00  1.99832E+00  9.98588E+00  9.12250E+01  5.47235E+00
  1.19598E+00  1.99803E+00  9.99832E+00  9.13651E+01  5.55387E+00
  1.19098E+00  1.99772E+00  1.00108E+01  9.15036E+01  5.63745E+00
  1.18598E+00  1.99737E+00  1.00233E+01  9.16406E+01  5.72331E+00
  1.18098E+00  1.99699E+00  1.00359E+01  9.17758E+01  5.81097E+00
  1.17598E+00  1.99658E+00  1.00485E+01  9.19093E+01  5.90094E+00
  1.17098E+00  1.99613E+00  1.00612E+01  9.20410E+01  5.99310E+00
  1.16598E+00  1.99566E+00  1.00739E+01  9.21709E+01  6.08783E+00
  1.16098E+00  1.99515E+00  1.00867E+01  9.22990E+01  6.18490E+00
  1.15598E+00  1.99460E+00  1.00994E+01  9.24251E+01  6.28430E+00
  1.15098E+00  1.99402E+00  1.01123E+01  9.25492E+01  6.38624E+00
  1.14598E+00  1.99341E+00  1.01251E+01  9.26713E+01  6.49094E+00
  1.14098E+00  1.99275E+00  1.01381E+01  9.27914E+01  6.59837E+00
  1.13598E+00  1.99207E+00  1.01511E+01  9.29092E+01  6.70859E+00
  1.13098E+00  1.99134E+00  1.01641E+01  9.30250E+01  6.82172E+00
  1.12598E+00  1.99058E+00  1.01771E+01  9.31385E+01  6.93796E+00
  1.12098E+00  1.98978E+00  1.01902E+01  9.32496E+01  7.05731E+00
  1.11598E+00  1.98894E+00  1.02033E+01  9.33584E+01  7.17983E+00
  1.11098E+00  1.98806E+00  1.02165E+01  9.34649E+01  7.30560E+00
  1.10598E+00  1.98714E+00  1.02297E+01  9.35688E+01  7.43476E+00
  1.10098E+00  1.98618E+00  1.02429E+01  9.36703E+01  7.56786E+00
  1.09598E+00  1.98517E+00  1.02562E+01  9.37690E+01  7.70414E+00
  1.09098E+00  1.98413E+00  1.02696E+01  9.38652E+01  7.84445E+00
  1.08598E+00  1.98304E+00  1.02829E+01  9.39587E+01  7.98859E+00
  1.08098E+00  1.98191E+00  1.02963E+01  9.40494E+01  8.13716E+00
  1.07598E+00  1.98073E+00  1.03098E+01  9.41372E+01  8.28969E+00
  1.07098E+00  1.97951E+00  1.03233E+01  9.42222E+01  8.44647E+00
  1.06598E+00  1.97824E+00  1.03368E+01  9.43042E+01  8.60783E+00
  1.06098E+00  1.97692E+00  1.03504E+01  9.43831E+01  8.77427E+00
  1.05598E+00  1.97556E+00  1.03640E+01  9.44589E+01  8.94499E+00
  1.05098E+00  1.97415E+00  1.03776E+01  9.45317E+01  9.12102E+00
  1.04598E+00  1.97269E+00  1.03913E+01  9.46011E+01  9.30219E+00
  1.04098E+00  1.97118E+00  1.04050E+01  9.46671E+01  9.48901E+00
  1.03598E+00  1.96962E+00  1.04187E+01  9.47299E+01  9.68130E+00
  1.03098E+00  1.96801E+00  1.04325E+01  9.47891E+01  9.87918E+00
  1.02598E+00  1.96635E+00  1.04463E+01  9.48448E+01  1.00833E+01
  1.02098E+00  1.96463E+00  1.04602E+01  9.48969E+01  1.02939E+01
  1.01598E+00  1.96286E+00  1.04741E+01  9.49453E+01  1.05105E+01
  1.01098E+00  1.96104E+00  1.04880E+01  9.49901E+01  1.07341E+01
  1.00598E+00  1.95916E+00  1.05019E+01  9.50309E+01  1.09651E+01
  1.00098E+00  1.95722E+00  1.05159E+01  9.50677E+01  1.12032E+01
  9.95980E-01  1.95523E+00  1.05299E+01  9.51006E+01  1.14486E+01
  9.90980E-01  1.95317E+00  1.05439E+01  9.51294E+01  1.17019E+01
  9.85980E-01  1.95106E+00  1.05580E+01  9.51541E+01  1.19640E+01
  9.80980E-01  1.94889E+00  1.05721E+01  9.51745E+01  1.22338E+01
  9.75980E-01  1.94666E+00  1.05862E+01  9.51906E+01  1.25127E+01
  9.70980E-01  1.94437E+00  1.06003E+01  9.52022E+01  1.28009E+01
  9.65980E-01  1.94201E+00  1.06145E+01  9.52093E+01  1.30997E+01
  9.60980E-01  1.93959E+00  1.06287E+01  9.52119E+01  1.34067E+01
  9.55980E-01  1.93710E+00  1.06430E+01  9.52097E+01  1.37246E+01
  9.50980E-01  1.93455E+00  1.06572E+01  9.52027E+01  1.40540E+01
  9.45980E-01  1.93194E+00  1.06715E+01  9.51908E+01  1.43941E+01
  9.40980E-01  1.92925E+00  1.06857E+01  9.51741E+01  1.47460E+01
  9.35980E-01  1.92650E+00  1.07000E+01  9.51523E+01  1.51103E+01
  9.30980E-01  1.92368E+00  1.07143E+01  9.51253E+01  1.54885E+01
  9.25980E-01  1.92078E+00  1.07287E+01  9.50931E+01  1.58782E+01
  9.20980E-01  1.91782E+00  1.07431E+01  9.50556E+01  1.62822E+01
  9.15980E-01  1.91478E+00  1.07574E+01  9.50124E+01  1.67017E+01
  9.10980E-01  1.91167E+00  1.07718E+01  9.49639E+01  1.71353E+01
  9.05980E-01  1.90848E+00  1.07862E+01  9.49096E+01  1.75851E+01
  9.00980E-01  1.90522E+00  1.08006E+01  9.48497E+01  1.80515E+01
  8.95980E-01  1.90188E+00  1.08150E+01  9.47838E+01  1.85358E+01
  8.90980E-01  1.89846E+00  1.08295E+01  9.47121E+01  1.90371E+01
  8.85980E-01  1.89496E+00  1.08439E+01  9.46342E+01  1.95572E+01
  8.80980E-01  1.89138E+00  1.08584E+01  9.45501E+01  2.00986E+01
  8.75980E-01  1.88772E+00  1.08728E+01  9.44597E+01  2.06587E+01
  8.70980E-01  1.88398E+00  1.08873E+01  9.43630E+01  2.12409E+01
  8.65980E-01  1.88016E+00  1.09017E+01  9.42598E+01  2.18476E+01
  8.60980E-01  1.87625E+00  1.09161E+01  9.41498E+01  2.24763E+01
  8.55980E-01  1.87225E+00  1.09306E+01  9.40331E+01  2.31299E+01
  8.50980E-01  1.86816E+00  1.09450E+01  9.39096E+01  2.38103E+01
  8.45980E-01  1.86399E+00  1.09594E+01  9.37790E+01  2.45171E+01
  8.40980E-01  1.85972E+00  1.09739E+01  9.36414E+01  2.52528E+01
  8.35980E-01  1.85537E+00  1.09882E+01  9.34964E+01  2.60187E+01
  8.30980E-01  1.85092E+00  1.10026E+01  9.33441E+01  2.68160E+01
  8.25980E-01  1.84637E+00  1.10170E+01  9.31841E+01  2.76461E+01
  8.20980E-01  1.84173E+00  1.10313E+01  9.30165E+01  2.85112E+01
  8.15980E-01  1.83701E+00  1.10456E+01  9.28414E+01  2.94108E+01
  8.10980E-01  1.83228E+00  1.10596E+01  9.26621E+01  3.03283E+01
  8.05980E-01  1.82747E+00  1.10735E+01  9.24751E+01  3.12835E+01
  8.00980E-01  1.82257E+00  1.10874E+01  9.22804E+01  3.22785E+01
  7.95980E-01  1.81757E+00  1.11012E+01  9.20780E+01  3.33123E+01
  7.90980E-01  1.81248E+00  1.11149E+01  9.18675E+01  3.43901E+01
  7.85980E-01  1.80729E+00  1.11286E+01  9.16488E+01  3.55144E+01
  7.80980E-01  1.80201E+00  1.11422E+01  9.14219E+01  3.66848E+01
  7.75980E-01  1.79662E+00  1.11558E+01  9.11866E+01  3.79068E+01
  7.70980E-01  1.79114E+00  1.11693E+01  9.09427E+01  3.91831E+01
  7.65980E-01  1.78555E+00  1.11828E+01  9.06901E+01  4.05139E+01
  7.60980E-01  1.77985E+00  1.11962E+01  9.04287E+01  4.19045E+01
  7.55980E-01  1.77405E+00  1.12096E+01  9.01583E+01  4.33596E+01
  7.50980E-01  1.76814E+00  1.12228E+01  8.98787E+01  4.48795E+01
  7.45980E-01  1.76211E+00  1.12360E+01  8.95900E+01  4.64710E+01
  7.40980E-01  1.75597E+00  1.12492E+01  8.92916E+01  4.81385E+01
  7.35980E-01  1.74971E+00  1.12623E+01  8.89836E+01  4.98844E+01
  7.30980E-01  1.74334E+00  1.12753E+01  8.86659E+01  5.17162E+01
  7.25980E-01  1.73684E+00  1.12884E+01  8.83382E+01  5.36350E+01
  7.20980E-01  1.73021E+00  1.13013E+01  8.80004E+01  5.56491E+01
  7.15980E-01  1.72346E+00  1.13141E+01  8.76523E+01  5.77689E+01
  7.10980E-01  1.71658E+00  1.13269E+01  8.72937E+01  5.99943E+01
  7.05980E-01  1.70957E+00  1.13396E+01  8.69245E+01  6.23328E+01
  7.00980E-01  1.70242E+00  1.13523E+01  8.65443E+01  6.47985E+01
  6.95980E-01  1.69514E+00  1.13649E+01  8.61534E+01  6.73887E+01
  6.90980E-01  1.68771E+00  1.13773E+01  8.57512E+01  7.01238E+01
  6.85980E-01  1.68014E+00  1.13898E+01  8.53378E+01  7.30094E+01
  6.80980E-01  1.67243E+00  1.14022E+01  8.49129E+01  7.60486E+01
  6.75980E-01  1.66457E+00  1.14145E+01  8.44764E+01  7.92638E+01
  6.70980E-01  1.65656E+00  1.14267E+01  8.40281E+01  8.26558E+01
  6.65980E-01  1.64839E+00  1.14388E+01  8.35677E+01  8.62458E+01
  6.60980E-01  1.64007E+00  1.14509E+01  8.30955E+01  9.00562E+01
  6.55980E-01  1.63159E+00  1.14629E+01  8.26110E+01  9.40726E+01
  6.50980E-01  1.62295E+00  1.14748E+01  8.21142E+01  9.83370E+01
  6.45980E-01  1.61415E+00  1.14866E+01  8.16048E+01  1.02862E+02
  6.40980E-01  1.60518E+00  1.14983E+01  8.10829E+01  1.07661E+02
  6.35980E-01  1.59605E+00  1.15099E+01  8.05483E+01  1.12778E+02
  6.30980E-01  1.58674E+00  1.15214E+01  8.00011E+01  1.18190E+02
  6.25980E-01  1.57727E+00  1.15328E+01  7.94408E+01  1.23967E+02
  6.20980E-01  1.56762E+00  1.15441E+01  7.88676E+01  1.30105E+02
  6.15980E-01  1.55780E+00  1.15553E+01  7.82813E+01  1.36652E+02
  6.10980E-01  1.54780E+00  1.15664E+01  7.76819E+01  1.43644E+02
  6.05980E-01  1.53762E+00  1.15774E+01  7.70694E+01  1.51093E+02
  6.00980E-01  1.52726E+00  1.15882E+01  7.64437E+01  1.59068E+02
  5.95980E-01  1.51672E+00  1.15990E+01  7.58048E+01  1.67572E+02
  5.90980E-01  1.50599E+00  1.16095E+01  7.51527E+01  1.76687E+02
  5.85980E-01  1.49508E+00  1.16200E+01  7.44871E+01  1.86454E+02
  5.80980E-01  1.48399E+00  1.16303E+01  7.38087E+01  1.96906E+02
  5.75980E-01  1.47271E+00  1.16406E+01  7.31169E+01  2.08130E+02
  5.70980E-01  1.46124E+00  1.16506E+01  7.24119E+01  2.20178E+02
  5.65980E-01  1.44958E+00  1.16605E+01  7.16939E+01  2.33145E+02
  5.60980E-01  1.43774E+00  1.16703E+01  7.09629E+01  2.47077E+02
  5.55980E-01  1.42570E+00  1.16799E+01  7.02189E+01  2.62098E+02
  5.50980E-01  1.41348E+00  1.16894E+01  6.94622E+01  2.78254E+02
  5.45980E-01  1.40106E+00  1.16987E+01  6.86927E+01  2.95749E+02
  5.40980E-01  1.38846E+00  1.17078E+01  6.79107E+01  3.14588E+02
  5.35980E-01  1.37567E+00  1.17169E+01  6.71164E+01  3.34991E+02
  5.30980E-01  1.36268E+00  1.17256E+01  6.63098E+01  3.57016E+02
  5.25980E-01  1.34951E+00  1.17343E+01  6.54912E+01  3.80963E+02
  5.20980E-01  1.33616E+00  1.17428E+01  6.46608E+01  4.06861E+02
  5.15980E-01  1.32261E+00  1.17511E+01  6.38189E+01  4.35014E+02
  5.10980E-01  1.30888E+00  1.17592E+01  6.29656E+01  4.65578E+02
  5.05980E-01  1.29497E+00  1.17671E+01  6.21013E+01  4.98897E+02
  5.00980E-01  1.28087E+00  1.17749E+01  6.12263E+01  5.35132E+02
  4.95980E-01  1.26660E+00  1.17826E+01  6.03408E+01  5.74655E+02
  4.90980E-01  1.25214E+00  1.17899E+01  5.94452E+01  6.17840E+02
  4.85980E-01  1.23751E+00  1.17973E+01  5.85399E+01  6.65013E+02
  4.80980E-01  1.22271E+00  1.18044E+01  5.76251E+01  7.16660E+02
  4.75980E-01  1.20773E+00  1.18113E+01  5.67015E+01  7.73190E+02
  4.70980E-01  1.19258E+00  1.18180E+01  5.57691E+01  8.35337E+02
  4.65980E-01  1.17728E+00  1.18246E+01  5.48287E+01  9.03483E+02
  4.60980E-01  1.16180E+00  1.18311E+01  5.38804E+01  9.78491E+02
  4.55980E-01  1.14617E+00  1.18373E+01  5.29250E+01  1.06118E+03
  4.50980E-01  1.13039E+00  1.18435E+01  5.19627E+01  1.15226E+03
  4.45980E-01  1.11446E+00  1.18495E+01  5.09942E+01  1.25295E+03
  4.40980E-01  1.09838E+00  1.18552E+01  5.00200E+01  1.36426E+03
  4.35980E-01  1.08216E+00  1.18611E+01  4.90405E+01  1.48755E+03
  4.30980E-01  1.06580E+00  1.18668E+01  4.80564E+01  1.62438E+03
  4.25980E-01  1.04931E+00  1.18722E+01  4.70681E+01  1.77611E+03
  4.20980E-01  1.03270E+00  1.18778E+01  4.60764E+01  1.94528E+03
  4.15980E-01  1.01597E+00  1.18831E+01  4.50818E+01  2.13360E+03
  4.10980E-01  9.99125E-01  1.18884E+01  4.40849E+01  2.34360E+03
  4.05980E-01  9.82171E-01  1.18939E+01  4.30863E+01  2.57873E+03
  4.00980E-01  9.65116E-01  1.18992E+01  4.20866E+01  2.84188E+03
  3.95980E-01  9.47968E-01  1.19044E+01  4.10867E+01  3.13657E+03
  3.90980E-01  9.30732E-01  1.19099E+01  4.00870E+01  3.46819E+03
  3.85980E-01  9.13417E-01  1.19154E+01  3.90883E+01  3.84126E+03
  3.80980E-01  8.96029E-01  1.19209E+01  3.80913E+01  4.26182E+03
  3.75980E-01  8.78576E-01  1.19268E+01  3.70966E+01  4.73669E+03
  3.70980E-01  8.61066E-01  1.19327E+01  3.61050E+01  5.27403E+03
  3.65980E-01  8.43508E-01  1.19388E+01  3.51171E+01  5.88417E+03
  3.60980E-01  8.25910E-01  1.19453E+01  3.41336E+01  6.57639E+03
  3.55980E-01  8.08282E-01  1.19521E+01  3.31554E+01  7.36348E+03
  3.50980E-01  7.90632E-01  1.19594E+01  3.21831E+01  8.26269E+03
  3.45980E-01  7.72968E-01  1.19672E+01  3.12173E+01  9.28977E+03
  3.40980E-01  7.55301E-01  1.19754E+01  3.02588E+01  1.04686E+04
  3.35980E-01  7.37639E-01  1.19843E+01  2.93084E+01  1.18176E+04
  3.30980E-01  7.19996E-01  1.19940E+01  2.83667E+01  1.33691E+04
  3.25980E-01  7.02378E-01  1.20046E+01  2.74345E+01  1.51613E+04
  3.20980E-01  6.84795E-01  1.20160E+01  2.65123E+01  1.72310E+04
  3.15980E-01  6.67259E-01  1.20284E+01  2.56009E+01  1.96315E+04
  3.10980E-01  6.49781E-01  1.20422E+01  2.47010E+01  2.24153E+04
  3.05980E-01  6.32370E-01  1.20571E+01  2.38132E+01  2.56643E+04
  3.00980E-01  6.15038E-01  1.20737E+01  2.29382E+01  2.94442E+04
  2.95980E-01  5.97796E-01  1.20917E+01  2.20766E+01  3.38742E+04
  2.90980E-01  5.80653E-01  1.21120E+01  2.12290E+01  3.90743E+04
  2.85980E-01  5.63623E-01  1.21340E+01  2.03960E+01  4.51903E+04
  2.80980E-01  5.46715E-01  1.21587E+01  1.95783E+01  5.24072E+04
  2.75980E-01  5.29942E-01  1.21857E+01  1.87763E+01  6.09545E+04
  2.70980E-01  5.13312E-01  1.22160E+01  1.79905E+01  7.11022E+04
  2.65980E-01  4.96843E-01  1.22493E+01  1.72216E+01  8.31579E+04
  2.60980E-01  4.80538E-01  1.22864E+01  1.64698E+01  9.75895E+04
  2.55980E-01  4.64413E-01  1.23274E+01  1.57358E+01  1.14870E+05
  2.50980E-01  4.48479E-01  1.23735E+01  1.50200E+01  1.35680E+05
  2.45980E-01  4.32745E-01  1.24240E+01  1.43226E+01  1.60719E+05
  2.40980E-01  4.17224E-01  1.24808E+01  1.36442E+01  1.91062E+05
  2.35980E-01  4.01926E-01  1.25437E+01  1.29850E+01  2.27961E+05
  2.30980E-01  3.86863E-01  1.26133E+01  1.23452E+01  2.72808E+05
  2.25980E-01  3.72045E-01  1.26915E+01  1.17254E+01  3.27902E+05
  2.20980E-01  3.57484E-01  1.27788E+01  1.11256E+01  3.95649E+05
  2.15980E-01  3.43189E-01  1.28767E+01  1.05461E+01  4.78874E+05
  2.10980E-01  3.29170E-01  1.29857E+01  9.98687E+00  5.82206E+05
  2.05980E-01  3.15437E-01  1.31073E+01  9.44822E+00  7.10857E+05
  2.00980E-01  3.02002E-01  1.32453E+01  8.93027E+00  8.71473E+05
  1.95980E-01  2.88872E-01  1.33997E+01  8.43298E+00  1.07293E+06
  1.90980E-01  2.76057E-01  1.35737E+01  7.95647E+00  1.32759E+06
  1.85980E-01  2.63566E-01  1.37712E+01  7.50069E+00  1.64889E+06
  1.80980E-01  2.51410E-01  1.39936E+01  7.06572E+00  2.05960E+06
  1.75980E-01  2.39595E-01  1.42475E+01  6.65142E+00  2.58354E+06
  1.70980E-01  2.28130E-01  1.45357E+01  6.25773E+00  3.25821E+06
  1.65980E-01  2.17024E-01  1.48673E+01  5.88467E+00  4.12819E+06
  1.60980E-01  2.06283E-01  1.52474E+01  5.53202E+00  5.26360E+06
  1.55980E-01  1.95916E-01  1.56863E+01  5.19975E+00  6.74702E+06
  1.50980E-01  1.85930E-01  1.61980E+01  4.88777E+00  8.69509E+06
  1.45980E-01  1.76332E-01  1.67946E+01  4.59597E+00  1.12761E+07
  1.40980E-01  1.67130E-01  1.74972E+01  4.32440E+00  1.47185E+07
  1.35980E-01  1.58329E-01  1.83327E+01  4.07302E+00  1.93463E+07
  1.30980E-01  1.49939E-01  1.93331E+01  3.84201E+00  2.56041E+07
  1.25980E-01  1.41965E-01  2.05474E+01  3.63165E+00  3.41870E+07
  1.20980E-01  1.34417E-01  2.20407E+01  3.44253E+00  4.61330E+07
  1.15980E-01  1.27305E-01  2.39077E+01  3.27568E+00  6.30576E+07
  1.10980E-01  1.20636E-01  2.62859E+01  3.13269E+00  8.79093E+07
  1.05980E-01  1.14426E-01  2.93812E+01  3.01643E+00  1.26387E+08
  1.00980E-01  1.08689E-01  3.35317E+01  2.93204E+00  1.92601E+08
  9.59801E-02  1.03452E-01  3.93508E+01  2.89059E+00  3.28342E+08
  9.09801E-02  9.87400E-02  4.78473E+01  2.91274E+00  6.95984E+08
  8.59801E-02  9.46238E-02  6.13381E+01  3.05860E+00  2.18683E+09
  8.09801E-02  9.12132E-02  8.50135E+01  3.51455E+00  1.24006E+10
