  8.85980E-01  2.25621E+00  1.12307E+01  1.32689E+02  5.84738E+00
  8.80980E-01  2.25447E+00  1.12487E+01  1.32811E+02  5.98946E+00
  8.75980E-01  2.25264E+00  1.12666E+01  1.32924E+02  6.13732E+00
  8.70980E-01  2.25072E+00  1.12847E+01  1.33030E+02  6.29049E+00
  8.65980E-01  2.24870E+00  1.13028E+01  1.33127E+02  6.44960E+00
  8.60980E-01  2.24659E+00  1.13209E+01  1.33216E+02  6.61485E+00
  8.55980E-01  2.24438E+00  1.13392E+01  1.33296E+02  6.78657E+00
  8.50980E-01  2.24207E+00  1.13574E+01  1.33367E+02  6.96468E+00
  8.45980E-01  2.23966E+00  1.13757E+01  1.33429E+02  7.15047E+00
  8.40980E-01  2.23715E+00  1.13940E+01  1.33482E+02  7.34349E+00
  8.35980E-01  2.23453E+00  1.14124E+01  1.33525E+02  7.54387E+00
  8.30980E-01  2.23180E+00  1.14308E+01  1.33558E+02  7.75305E+00
  8.25980E-01  2.22896E+00  1.14493E+01  1.33581E+02  7.97059E+00
  8.20980E-01  2.22601E+00  1.14678E+01  1.33594E+02  8.19682E+00
  8.15980E-01  2.22295E+00  1.14863E+01  1.33595E+02  8.43335E+00
  8.10980E-01  2.21977E+00  1.15048E+01  1.33586E+02  8.67982E+00
  8.05980E-01  2.21647E+00  1.15235E+01  1.33566E+02  8.93585E+00
  8.00980E-01  2.21305E+00  1.15421E+01  1.33535E+02  9.20383E+00
  7.95980E-01  2.20950E+00  1.15607E+01  1.33491E+02  9.48332E+00
  7.90980E-01  2.20583E+00  1.15794E+01  1.33436E+02  9.77523E+00
  7.85980E-01  2.20203E+00  1.15981E+01  1.33369E+02  1.00801E+01
  7.80980E-01  2.19810E+00  1.16168E+01  1.33289E+02  1.03986E+01
  7.75980E-01  2.19404E+00  1.16355E+01  1.33196E+02  1.07318E+01
  7.70980E-01  2.18984E+00  1.16543E+01  1.33090E+02  1.10801E+01
  7.65980E-01  2.18549E+00  1.16731E+01  1.32971E+02  1.14441E+01
  7.60980E-01  2.18101E+00  1.16918E+01  1.32838E+02  1.18261E+01
  7.55980E-01  2.17639E+00  1.17106E+01  1.32692E+02  1.22263E+01
  7.50980E-01  2.17161E+00  1.17294E+01  1.32531E+02  1.26448E+01
  7.45980E-01  2.16669E+00  1.17482E+01  1.32355E+02  1.30838E+01
  7.40980E-01  2.16161E+00  1.17670E+01  1.32165E+02  1.35443E+01
  7.35980E-01  2.15638E+00  1.17857E+01  1.31960E+02  1.40281E+01
  7.30980E-01  2.15099E+00  1.18045E+01  1.31739E+02  1.45362E+01
  7.25980E-01  2.14544E+00  1.18232E+01  1.31503E+02  1.50680E+01
  7.20980E-01  2.13973E+00  1.18420E+01  1.31250E+02  1.56288E+01
  7.15980E-01  2.13385E+00  1.18607E+01  1.30982E+02  1.62177E+01
  7.10980E-01  2.12780E+00  1.18794E+01  1.30696E+02  1.68383E+01
  7.05980E-01  2.12158E+00  1.18981E+01  1.30394E+02  1.74917E+01
  7.00980E-01  2.11518E+00  1.19168E+01  1.30075E+02  1.81778E+01
  6.95980E-01  2.10860E+00  1.19354E+01  1.29738E+02  1.89026E+01
  6.90980E-01  2.10184E+00  1.19540E+01  1.29383E+02  1.96660E+01
  6.85980E-01  2.09490E+00  1.19725E+01  1.29011E+02  2.04731E+01
  6.80980E-01  2.08777E+00  1.19910E+01  1.28620E+02  2.13247E+01
  6.75980E-01  2.08045E+00  1.20094E+01  1.28210E+02  2.22233E+01
  6.70980E-01  2.07294E+00  1.20278E+01  1.27781E+02  2.31738E+01
  6.65980E-01  2.06522E+00  1.20462E+01  1.27333E+02  2.41777E+01
  6.60980E-01  2.05731E+00  1.20645E+01  1.26866E+02  2.52428E+01
  6.55980E-01  2.04920E+00  1.20827E+01  1.26379E+02  2.63696E+01
  6.50980E-01  2.04088E+00  1.21008E+01  1.25872E+02  2.75633E+01
  6.45980E-01  2.03235E+00  1.21189E+01  1.25344E+02  2.88297E+01
  6.40980E-01  2.02361E+00  1.21368E+01  1.24796E+02  3.01739E+01
  6.35980E-01  2.01466E+00  1.21547E+01  1.24227E+02  3.16030E+01
  6.30980E-01  2.00549E+00  1.21725E+01  1.23637E+02  3.31182E+01
  6.25980E-01  1.99609E+00  1.21902E+01  1.23026E+02  3.47302E+01
  6.20980E-01  1.98648E+00  1.22079E+01  1.22393E+02  3.64439E+01
  6.15980E-01  1.97663E+00  1.22253E+01  1.21738E+02  3.82736E+01
  6.10980E-01  1.96656E+00  1.22427E+01  1.21061E+02  4.02196E+01
  6.05980E-01  1.95625E+00  1.22600E+01  1.20362E+02  4.22993E+01
  6.00980E-01  1.94571E+00  1.22771E+01  1.19641E+02  4.45150E+01
  5.95980E-01  1.93494E+00  1.22941E+01  1.18897E+02  4.68847E+01
  5.90980E-01  1.92391E+00  1.23110E+01  1.18130E+02  4.94199E+01
  5.85980E-01  1.91265E+00  1.23277E+01  1.17341E+02  5.21291E+01
  5.80980E-01  1.90114E+00  1.23443E+01  1.16528E+02  5.50308E+01
  5.75980E-01  1.88939E+00  1.23606E+01  1.15692E+02  5.81424E+01
  5.70980E-01  1.87738E+00  1.23769E+01  1.14833E+02  6.14808E+01
  5.65980E-01  1.86512E+00  1.23929E+01  1.13951E+02  6.50636E+01
  5.60980E-01  1.85260E+00  1.24089E+01  1.13045E+02  6.89132E+01
  5.55980E-01  1.83982E+00  1.24246E+01  1.12116E+02  7.30561E+01
  5.50980E-01  1.82679E+00  1.24401E+01  1.11163E+02  7.75186E+01
  5.45980E-01  1.81349E+00  1.24554E+01  1.10186E+02  8.23212E+01
  5.40980E-01  1.79993E+00  1.24706E+01  1.09186E+02  8.75041E+01
  5.35980E-01  1.78611E+00  1.24855E+01  1.08163E+02  9.31074E+01
  5.30980E-01  1.77202E+00  1.25002E+01  1.07116E+02  9.91555E+01
  5.25980E-01  1.75766E+00  1.25146E+01  1.06045E+02  1.05709E+02
  5.20980E-01  1.74303E+00  1.25288E+01  1.04951E+02  1.12801E+02
  5.15980E-01  1.72814E+00  1.25428E+01  1.03835E+02  1.20500E+02
  5.10980E-01  1.71297E+00  1.25566E+01  1.02695E+02  1.28839E+02
  5.05980E-01  1.69753E+00  1.25702E+01  1.01532E+02  1.37905E+02
  5.00980E-01  1.68182E+00  1.25834E+01  1.00347E+02  1.47774E+02
  4.95980E-01  1.66583E+00  1.25964E+01  9.91393E+01  1.58515E+02
  4.90980E-01  1.64958E+00  1.26092E+01  9.79096E+01  1.70243E+02
  4.85980E-01  1.63305E+00  1.26216E+01  9.66581E+01  1.83035E+02
  4.80980E-01  1.61625E+00  1.26337E+01  9.53853E+01  1.97030E+02
  4.75980E-01  1.59918E+00  1.26456E+01  9.40913E+01  2.12320E+02
  4.70980E-01  1.58184E+00  1.26573E+01  9.27768E+01  2.29080E+02
  4.65980E-01  1.56424E+00  1.26686E+01  9.14420E+01  2.47497E+02
  4.60980E-01  1.54636E+00  1.26795E+01  9.00876E+01  2.67720E+02
  4.55980E-01  1.52822E+00  1.26903E+01  8.87140E+01  2.89945E+02
  4.50980E-01  1.50982E+00  1.27007E+01  8.73218E+01  3.14437E+02
  4.45980E-01  1.49116E+00  1.27108E+01  8.59115E+01  3.41464E+02
  4.40980E-01  1.47225E+00  1.27206E+01  8.44839E+01  3.71368E+02
  4.35980E-01  1.45308E+00  1.27301E+01  8.30395E+01  4.04377E+02
  4.30980E-01  1.43366E+00  1.27393E+01  8.15793E+01  4.40961E+02
  4.25980E-01  1.41399E+00  1.27482E+01  8.01037E+01  4.81656E+02
  4.20980E-01  1.39409E+00  1.27567E+01  7.86137E+01  5.26765E+02
  4.15980E-01  1.37394E+00  1.27650E+01  7.71100E+01  5.77013E+02
  4.10980E-01  1.35357E+00  1.27730E+01  7.55937E+01  6.33143E+02
  4.05980E-01  1.33297E+00  1.27806E+01  7.40655E+01  6.95685E+02
  4.00980E-01  1.31215E+00  1.27880E+01  7.25265E+01  7.65792E+02
  3.95980E-01  1.29112E+00  1.27952E+01  7.09775E+01  8.44227E+02
  3.90980E-01  1.26989E+00  1.28020E+01  6.94198E+01  9.32470E+02
  3.85980E-01  1.24845E+00  1.28086E+01  6.78542E+01  1.03153E+03
  3.80980E-01  1.22683E+00  1.28150E+01  6.62819E+01  1.14322E+03
  3.75980E-01  1.20502E+00  1.28212E+01  6.47042E+01  1.26947E+03
  3.70980E-01  1.18304E+00  1.28271E+01  6.31221E+01  1.41211E+03
  3.65980E-01  1.16090E+00  1.28329E+01  6.15367E+01  1.57380E+03
  3.60980E-01  1.13861E+00  1.28385E+01  5.99495E+01  1.75761E+03
  3.55980E-01  1.11617E+00  1.28442E+01  5.83617E+01  1.96637E+03
  3.50980E-01  1.09361E+00  1.28495E+01  5.67744E+01  2.20518E+03
  3.45980E-01  1.07092E+00  1.28549E+01  5.51890E+01  2.47763E+03
  3.40980E-01  1.04812E+00  1.28603E+01  5.36069E+01  2.78967E+03
  3.35980E-01  1.02523E+00  1.28658E+01  5.20295E+01  3.14847E+03
  3.30980E-01  1.00226E+00  1.28714E+01  5.04581E+01  3.56101E+03
  3.25980E-01  9.79220E-01  1.28772E+01  4.88942E+01  4.03664E+03
  3.20980E-01  9.56124E-01  1.28833E+01  4.73390E+01  4.58737E+03
  3.15980E-01  9.32986E-01  1.28894E+01  4.57938E+01  5.22640E+03
  3.10980E-01  9.09825E-01  1.28962E+01  4.42605E+01  5.96868E+03
  3.05980E-01  8.86653E-01  1.29033E+01  4.27401E+01  6.83349E+03
  3.00980E-01  8.63487E-01  1.29113E+01  4.12341E+01  7.84364E+03
  2.95980E-01  8.40343E-01  1.29198E+01  3.97440E+01  9.02802E+03
  2.90980E-01  8.17236E-01  1.29293E+01  3.82710E+01  1.04203E+04
  2.85980E-01  7.94188E-01  1.29397E+01  3.68167E+01  1.20606E+04
  2.80980E-01  7.71211E-01  1.29513E+01  3.53823E+01  1.40004E+04
  2.75980E-01  7.48326E-01  1.29643E+01  3.39692E+01  1.63019E+04
  2.70980E-01  7.25549E-01  1.29790E+01  3.25787E+01  1.90391E+04
  2.65980E-01  7.02899E-01  1.29953E+01  3.12120E+01  2.23062E+04
  2.60980E-01  6.80394E-01  1.30137E+01  2.98704E+01  2.62189E+04
  2.55980E-01  6.58054E-01  1.30345E+01  2.85550E+01  3.09271E+04
  2.50980E-01  6.35899E-01  1.30582E+01  2.72672E+01  3.65874E+04
  2.45980E-01  6.13943E-01  1.30847E+01  2.60078E+01  4.34442E+04
  2.40980E-01  5.92208E-01  1.31145E+01  2.47778E+01  5.17842E+04
  2.35980E-01  5.70715E-01  1.31484E+01  2.35786E+01  6.19570E+04
  2.30980E-01  5.49480E-01  1.31868E+01  2.24107E+01  7.43946E+04
  2.25980E-01  5.28524E-01  1.32304E+01  2.12752E+01  8.96850E+04
  2.20980E-01  5.07867E-01  1.32795E+01  2.01730E+01  1.08577E+05
  2.15980E-01  4.87524E-01  1.33346E+01  1.91044E+01  1.31945E+05
  2.10980E-01  4.67517E-01  1.33981E+01  1.80704E+01  1.61118E+05
  2.05980E-01  4.47863E-01  1.34694E+01  1.70714E+01  1.97531E+05
  2.00980E-01  4.28579E-01  1.35499E+01  1.61078E+01  2.43244E+05
  1.95980E-01  4.09683E-01  1.36420E+01  1.51803E+01  3.01057E+05
  1.90980E-01  3.91193E-01  1.37463E+01  1.42889E+01  3.74253E+05
  1.85980E-01  3.73126E-01  1.38647E+01  1.34340E+01  4.67654E+05
  1.80980E-01  3.55497E-01  1.39999E+01  1.26158E+01  5.87177E+05
  1.75980E-01  3.38321E-01  1.41528E+01  1.18342E+01  7.41610E+05
  1.70980E-01  3.21615E-01  1.43280E+01  1.10893E+01  9.41355E+05
  1.65980E-01  3.05390E-01  1.45286E+01  1.03810E+01  1.20128E+06
  1.60980E-01  2.89663E-01  1.47588E+01  9.70914E+00  1.54158E+06
  1.55980E-01  2.74445E-01  1.50234E+01  9.07348E+00  1.99008E+06
  1.50980E-01  2.59747E-01  1.53298E+01  8.47374E+00  2.58452E+06
  1.45980E-01  2.45582E-01  1.56830E+01  7.90949E+00  3.37782E+06
  1.40980E-01  2.31960E-01  1.60954E+01  7.38054E+00  4.44142E+06
  1.35980E-01  2.18888E-01  1.65763E+01  6.88620E+00  5.87810E+06
  1.30980E-01  2.06379E-01  1.71427E+01  6.42629E+00  7.83193E+06
  1.25980E-01  1.94438E-01  1.78138E+01  6.00028E+00  1.05059E+07
  1.20980E-01  1.83073E-01  1.86162E+01  5.60778E+00  1.41956E+07
  1.15980E-01  1.72290E-01  1.95809E+01  5.24859E+00  1.93265E+07
  1.10980E-01  1.62097E-01  2.07597E+01  4.92257E+00  2.65178E+07
  1.05980E-01  1.52497E-01  2.22084E+01  4.62971E+00  3.67455E+07
  1.00980E-01  1.43500E-01  2.40318E+01  4.37085E+00  5.14957E+07
  9.59800E-02  1.35111E-01  2.63575E+01  4.14729E+00  7.32688E+07
  9.09800E-02  1.27338E-01  2.93990E+01  3.96163E+00  1.06859E+08
  8.59800E-02  1.20196E-01  3.34904E+01  3.81928E+00  1.62549E+08
  8.09800E-02  1.13702E-01  3.92342E+01  3.73134E+00  2.70301E+08
