  1.04098E+00  2.21260E+00  1.07037E+01  1.20366E+02  4.34914E+00
  1.03598E+00  2.21256E+00  1.07184E+01  1.20596E+02  4.41796E+00
  1.03098E+00  2.21248E+00  1.07330E+01  1.20824E+02  4.48898E+00
  1.02598E+00  2.21235E+00  1.07477E+01  1.21048E+02  4.56179E+00
  1.02098E+00  2.21218E+00  1.07625E+01  1.21270E+02  4.63654E+00
  1.01598E+00  2.21196E+00  1.07774E+01  1.21488E+02  4.71365E+00
  1.01098E+00  2.21169E+00  1.07922E+01  1.21704E+02  4.79299E+00
  1.00598E+00  2.21138E+00  1.08071E+01  1.21916E+02  4.87457E+00
  1.00098E+00  2.21102E+00  1.08221E+01  1.22124E+02  4.95858E+00
  9.95980E-01  2.21061E+00  1.08372E+01  1.22330E+02  5.04491E+00
  9.90980E-01  2.21014E+00  1.08524E+01  1.22531E+02  5.13407E+00
  9.85980E-01  2.20963E+00  1.08675E+01  1.22729E+02  5.22559E+00
  9.80980E-01  2.20906E+00  1.08827E+01  1.22923E+02  5.32036E+00
  9.75980E-01  2.20843E+00  1.08980E+01  1.23113E+02  5.41757E+00
  9.70980E-01  2.20775E+00  1.09133E+01  1.23299E+02  5.51797E+00
  9.65980E-01  2.20702E+00  1.09287E+01  1.23480E+02  5.62161E+00
  9.60980E-01  2.20622E+00  1.09441E+01  1.23657E+02  5.72831E+00
  9.55980E-01  2.20537E+00  1.09596E+01  1.23830E+02  5.83872E+00
  9.50980E-01  2.20445E+00  1.09751E+01  1.23998E+02  5.95235E+00
  9.45980E-01  2.20347E+00  1.09907E+01  1.24160E+02  6.06943E+00
  9.40980E-01  2.20243E+00  1.10064E+01  1.24319E+02  6.19046E+00
  9.35980E-01  2.20132E+00  1.10221E+01  1.24472E+02  6.31544E+00
  9.30980E-01  2.20015E+00  1.10378E+01  1.24619E+02  6.44482E+00
  9.25980E-01  2.19891E+00  1.10536E+01  1.24761E+02  6.57820E+00
  9.20980E-01  2.19760E+00  1.10694E+01  1.24898E+02  6.71647E+00
  9.15980E-01  2.19622E+00  1.10853E+01  1.25029E+02  6.85905E+00
  9.10980E-01  2.19476E+00  1.11012E+01  1.25154E+02  7.00626E+00
  9.05980E-01  2.19323E+00  1.11172E+01  1.25273E+02  7.15872E+00
  9.00980E-01  2.19163E+00  1.11332E+01  1.25385E+02  7.31656E+00
  8.95980E-01  2.18995E+00  1.11492E+01  1.25491E+02  7.48017E+00
  8.90980E-01  2.18819E+00  1.11653E+01  1.25591E+02  7.64921E+00
  8.85980E-01  2.18635E+00  1.11815E+01  1.25684E+02  7.82454E+00
  8.80980E-01  2.18443E+00  1.11976E+01  1.25769E+02  8.00572E+00
  8.75980E-01  2.18242E+00  1.12138E+01  1.25848E+02  8.19407E+00
  8.70980E-01  2.18033E+00  1.12301E+01  1.25919E+02  8.38919E+00
  8.65980E-01  2.17815E+00  1.12463E+01  1.25983E+02  8.59132E+00
  8.60980E-01  2.17588E+00  1.12626E+01  1.26038E+02  8.80135E+00
  8.55980E-01  2.17352E+00  1.12790E+01  1.26086E+02  9.01889E+00
  8.50980E-01  2.17107E+00  1.12954E+01  1.26126E+02  9.24504E+00
  8.45980E-01  2.16852E+00  1.13118E+01  1.26157E+02  9.47936E+00
  8.40980E-01  2.16588E+00  1.13282E+01  1.26180E+02  9.72298E+00
  8.35980E-01  2.16313E+00  1.13447E+01  1.26193E+02  9.97627E+00
  8.30980E-01  2.16029E+00  1.13611E+01  1.26198E+02  1.02399E+01
  8.25980E-01  2.15734E+00  1.13777E+01  1.26193E+02  1.05140E+01
  8.20980E-01  2.15429E+00  1.13942E+01  1.26179E+02  1.07985E+01
  8.15980E-01  2.15112E+00  1.14107E+01  1.26155E+02  1.10952E+01
  8.10980E-01  2.14785E+00  1.14273E+01  1.26121E+02  1.14038E+01
  8.05980E-01  2.14447E+00  1.14439E+01  1.26077E+02  1.17254E+01
  8.00980E-01  2.14097E+00  1.14604E+01  1.26023E+02  1.20609E+01
  7.95980E-01  2.13736E+00  1.14771E+01  1.25957E+02  1.24102E+01
  7.90980E-01  2.13363E+00  1.14937E+01  1.25881E+02  1.27743E+01
  7.85980E-01  2.12977E+00  1.15103E+01  1.25794E+02  1.31546E+01
  7.80980E-01  2.12580E+00  1.15270E+01  1.25694E+02  1.35511E+01
  7.75980E-01  2.12169E+00  1.15435E+01  1.25584E+02  1.39655E+01
  7.70980E-01  2.11746E+00  1.15601E+01  1.25461E+02  1.43988E+01
  7.65980E-01  2.11310E+00  1.15768E+01  1.25326E+02  1.48512E+01
  7.60980E-01  2.10860E+00  1.15934E+01  1.25178E+02  1.53246E+01
  7.55980E-01  2.10397E+00  1.16100E+01  1.25018E+02  1.58192E+01
  7.50980E-01  2.09920E+00  1.16266E+01  1.24844E+02  1.63370E+01
  7.45980E-01  2.09429E+00  1.16431E+01  1.24657E+02  1.68788E+01
  7.40980E-01  2.08923E+00  1.16597E+01  1.24457E+02  1.74471E+01
  7.35980E-01  2.08402E+00  1.16762E+01  1.24242E+02  1.80431E+01
  7.30980E-01  2.07867E+00  1.16927E+01  1.24013E+02  1.86674E+01
  7.25980E-01  2.07316E+00  1.17092E+01  1.23770E+02  1.93225E+01
  7.20980E-01  2.06750E+00  1.17256E+01  1.23512E+02  2.00103E+01
  7.15980E-01  2.06168E+00  1.17420E+01  1.23239E+02  2.07338E+01
  7.10980E-01  2.05570E+00  1.17584E+01  1.22950E+02  2.14940E+01
  7.05980E-01  2.04955E+00  1.17746E+01  1.22646E+02  2.22907E+01
  7.00980E-01  2.04324E+00  1.17910E+01  1.22326E+02  2.31321E+01
  6.95980E-01  2.03676E+00  1.18072E+01  1.21990E+02  2.40155E+01
  6.90980E-01  2.03010E+00  1.18233E+01  1.21637E+02  2.49483E+01
  6.85980E-01  2.02327E+00  1.18394E+01  1.21267E+02  2.59306E+01
  6.80980E-01  2.01626E+00  1.18554E+01  1.20880E+02  2.69649E+01
  6.75980E-01  2.00907E+00  1.18714E+01  1.20476E+02  2.80587E+01
  6.70980E-01  2.00168E+00  1.18872E+01  1.20054E+02  2.92112E+01
  6.65980E-01  1.99412E+00  1.19030E+01  1.19614E+02  3.04326E+01
  6.60980E-01  1.98636E+00  1.19188E+01  1.19155E+02  3.17218E+01
  6.55980E-01  1.97840E+00  1.19343E+01  1.18678E+02  3.30825E+01
  6.50980E-01  1.97025E+00  1.19499E+01  1.18183E+02  3.45262E+01
  6.45980E-01  1.96190E+00  1.19652E+01  1.17668E+02  3.60564E+01
  6.40980E-01  1.95334E+00  1.19806E+01  1.17133E+02  3.76801E+01
  6.35980E-01  1.94458E+00  1.19958E+01  1.16579E+02  3.93992E+01
  6.30980E-01  1.93560E+00  1.20108E+01  1.16006E+02  4.12241E+01
  6.25980E-01  1.92641E+00  1.20258E+01  1.15412E+02  4.31625E+01
  6.20980E-01  1.91700E+00  1.20405E+01  1.14797E+02  4.52266E+01
  6.15980E-01  1.90738E+00  1.20552E+01  1.14162E+02  4.74214E+01
  6.10980E-01  1.89753E+00  1.20697E+01  1.13506E+02  4.97604E+01
  6.05980E-01  1.88745E+00  1.20841E+01  1.12829E+02  5.22490E+01
  6.00980E-01  1.87714E+00  1.20983E+01  1.12130E+02  5.49023E+01
  5.95980E-01  1.86660E+00  1.21123E+01  1.11410E+02  5.77421E+01
  5.90980E-01  1.85583E+00  1.21262E+01  1.10668E+02  6.07658E+01
  5.85980E-01  1.84482E+00  1.21398E+01  1.09904E+02  6.40044E+01
  5.80980E-01  1.83356E+00  1.21533E+01  1.09119E+02  6.74695E+01
  5.75980E-01  1.82206E+00  1.21665E+01  1.08310E+02  7.11860E+01
  5.70980E-01  1.81032E+00  1.21797E+01  1.07480E+02  7.51646E+01
  5.65980E-01  1.79832E+00  1.21925E+01  1.06626E+02  7.94323E+01
  5.60980E-01  1.78607E+00  1.22052E+01  1.05751E+02  8.40203E+01
  5.55980E-01  1.77357E+00  1.22175E+01  1.04852E+02  8.89492E+01
  5.50980E-01  1.76081E+00  1.22298E+01  1.03931E+02  9.42584E+01
  5.45980E-01  1.74778E+00  1.22416E+01  1.02987E+02  9.99671E+01
  5.40980E-01  1.73450E+00  1.22533E+01  1.02019E+02  1.06133E+02
  5.35980E-01  1.72095E+00  1.22646E+01  1.01029E+02  1.12787E+02
  5.30980E-01  1.70714E+00  1.22758E+01  1.00016E+02  1.19971E+02
  5.25980E-01  1.69305E+00  1.22865E+01  9.89798E+01  1.27739E+02
  5.20980E-01  1.67870E+00  1.22971E+01  9.79209E+01  1.36154E+02
  5.15980E-01  1.66407E+00  1.23073E+01  9.68392E+01  1.45287E+02
  5.10980E-01  1.64917E+00  1.23171E+01  9.57349E+01  1.55205E+02
  5.05980E-01  1.63400E+00  1.23268E+01  9.46079E+01  1.65952E+02
  5.00980E-01  1.61855E+00  1.23360E+01  9.34587E+01  1.77672E+02
  4.95980E-01  1.60282E+00  1.23450E+01  9.22872E+01  1.90433E+02
  4.90980E-01  1.58682E+00  1.23534E+01  9.10937E+01  2.04340E+02
  4.85980E-01  1.57054E+00  1.23618E+01  8.98787E+01  2.19541E+02
  4.80980E-01  1.55398E+00  1.23695E+01  8.86423E+01  2.36160E+02
  4.75980E-01  1.53715E+00  1.23769E+01  8.73848E+01  2.54346E+02
  4.70980E-01  1.52003E+00  1.23840E+01  8.61065E+01  2.74256E+02
  4.65980E-01  1.50264E+00  1.23906E+01  8.48081E+01  2.96170E+02
  4.60980E-01  1.48498E+00  1.23970E+01  8.34897E+01  3.20262E+02
  4.55980E-01  1.46704E+00  1.24028E+01  8.21520E+01  3.46754E+02
  4.50980E-01  1.44883E+00  1.24082E+01  8.07954E+01  3.75992E+02
  4.45980E-01  1.43034E+00  1.24133E+01  7.94206E+01  4.08256E+02
  4.40980E-01  1.41159E+00  1.24178E+01  7.80280E+01  4.43944E+02
  4.35980E-01  1.39257E+00  1.24219E+01  7.66185E+01  4.83471E+02
  4.30980E-01  1.37329E+00  1.24257E+01  7.51926E+01  5.27376E+02
  4.25980E-01  1.35375E+00  1.24289E+01  7.37512E+01  5.76162E+02
  4.20980E-01  1.33395E+00  1.24317E+01  7.22949E+01  6.30431E+02
  4.15980E-01  1.31391E+00  1.24341E+01  7.08246E+01  6.91074E+02
  4.10980E-01  1.29361E+00  1.24359E+01  6.93412E+01  7.58749E+02
  4.05980E-01  1.27307E+00  1.24373E+01  6.78456E+01  8.34500E+02
  4.00980E-01  1.25230E+00  1.24384E+01  6.63388E+01  9.19536E+02
  3.95980E-01  1.23130E+00  1.24389E+01  6.48217E+01  1.01504E+03
  3.90980E-01  1.21008E+00  1.24388E+01  6.32953E+01  1.12246E+03
  3.85980E-01  1.18864E+00  1.24386E+01  6.17610E+01  1.24383E+03
  3.80980E-01  1.16699E+00  1.24378E+01  6.02196E+01  1.38085E+03
  3.75980E-01  1.14514E+00  1.24364E+01  5.86726E+01  1.53638E+03
  3.70980E-01  1.12310E+00  1.24348E+01  5.71210E+01  1.71251E+03
  3.65980E-01  1.10089E+00  1.24329E+01  5.55660E+01  1.91315E+03
  3.60980E-01  1.07850E+00  1.24306E+01  5.40091E+01  2.14244E+03
  3.55980E-01  1.05595E+00  1.24277E+01  5.24516E+01  2.40399E+03
  3.50980E-01  1.03325E+00  1.24245E+01  5.08947E+01  2.70394E+03
  3.45980E-01  1.01041E+00  1.24212E+01  4.93400E+01  3.04812E+03
  3.40980E-01  9.87452E-01  1.24176E+01  4.77889E+01  3.44534E+03
  3.35980E-01  9.64380E-01  1.24140E+01  4.62429E+01  3.90359E+03
  3.30980E-01  9.41211E-01  1.24101E+01  4.47033E+01  4.43374E+03
  3.25980E-01  9.17958E-01  1.24058E+01  4.31718E+01  5.05009E+03
  3.20980E-01  8.94637E-01  1.24018E+01  4.16498E+01  5.76781E+03
  3.15980E-01  8.71263E-01  1.23976E+01  4.01389E+01  6.60614E+03
  3.10980E-01  8.47853E-01  1.23937E+01  3.86408E+01  7.58692E+03
  3.05980E-01  8.24424E-01  1.23899E+01  3.71568E+01  8.74042E+03
  3.00980E-01  8.00993E-01  1.23867E+01  3.56887E+01  1.00996E+04
  2.95980E-01  7.77578E-01  1.23837E+01  3.42378E+01  1.17073E+04
  2.90980E-01  7.54196E-01  1.23816E+01  3.28058E+01  1.36152E+04
  2.85980E-01  7.30869E-01  1.23799E+01  3.13942E+01  1.58868E+04
  2.80980E-01  7.07614E-01  1.23795E+01  3.00045E+01  1.86017E+04
  2.75980E-01  6.84452E-01  1.23800E+01  2.86382E+01  2.18590E+04
  2.70980E-01  6.61404E-01  1.23822E+01  2.72968E+01  2.57793E+04
  2.65980E-01  6.38493E-01  1.23858E+01  2.59818E+01  3.05219E+04
  2.60980E-01  6.15735E-01  1.23916E+01  2.46942E+01  3.62691E+04
  2.55980E-01  5.93157E-01  1.23997E+01  2.34357E+01  4.32879E+04
  2.50980E-01  5.70778E-01  1.24103E+01  2.22075E+01  5.18661E+04
  2.45980E-01  5.48622E-01  1.24237E+01  2.10108E+01  6.24407E+04
  2.40980E-01  5.26710E-01  1.24412E+01  1.98467E+01  7.54565E+04
  2.35980E-01  5.05065E-01  1.24633E+01  1.87163E+01  9.16377E+04
  2.30980E-01  4.83710E-01  1.24903E+01  1.76206E+01  1.11850E+05
  2.25980E-01  4.62669E-01  1.25222E+01  1.65606E+01  1.37131E+05
  2.20980E-01  4.41964E-01  1.25614E+01  1.55371E+01  1.69018E+05
  2.15980E-01  4.21617E-01  1.26087E+01  1.45507E+01  2.09474E+05
  2.10980E-01  4.01650E-01  1.26639E+01  1.36022E+01  2.60962E+05
  2.05980E-01  3.82086E-01  1.27306E+01  1.26920E+01  3.26837E+05
  2.00980E-01  3.62947E-01  1.28092E+01  1.18207E+01  4.11976E+05
  1.95980E-01  3.44255E-01  1.29017E+01  1.09885E+01  5.22201E+05
  1.90980E-01  3.26029E-01  1.30113E+01  1.01955E+01  6.66408E+05
  1.85980E-01  3.08291E-01  1.31410E+01  9.44203E+00  8.55598E+05
  1.80980E-01  2.91061E-01  1.32929E+01  8.72802E+00  1.10605E+06
  1.75980E-01  2.74357E-01  1.34746E+01  8.05327E+00  1.43995E+06
  1.70980E-01  2.58198E-01  1.36876E+01  7.41764E+00  1.88728E+06
  1.65980E-01  2.42601E-01  1.39405E+01  6.82076E+00  2.49408E+06
  1.60980E-01  2.27584E-01  1.42436E+01  6.26228E+00  3.31924E+06
  1.55980E-01  2.13162E-01  1.46066E+01  5.74161E+00  4.45232E+06
  1.50980E-01  1.99350E-01  1.50439E+01  5.25835E+00  6.02526E+06
  1.45980E-01  1.86162E-01  1.55748E+01  4.81172E+00  8.22493E+06
  1.40980E-01  1.73612E-01  1.62233E+01  4.40118E+00  1.13268E+07
  1.35980E-01  1.61711E-01  1.70249E+01  4.02608E+00  1.57529E+07
  1.30980E-01  1.50474E-01  1.80299E+01  3.68593E+00  2.21449E+07
  1.25980E-01  1.39910E-01  1.93139E+01  3.38042E+00  3.15074E+07
  1.20980E-01  1.30036E-01  2.09885E+01  3.10965E+00  4.55100E+07
  1.15980E-01  1.20862E-01  2.32069E+01  2.87410E+00  6.70655E+07
  1.10980E-01  1.12407E-01  2.62860E+01  2.67624E+00  1.02284E+08
  1.05980E-01  1.04692E-01  3.06966E+01  2.52062E+00  1.66962E+08
  1.00980E-01  9.77578E-02  3.75039E+01  2.42090E+00  3.20688E+08
  9.59800E-02  9.16571E-02  4.89153E+01  2.41225E+00  9.16039E+08
  9.09800E-02  8.65136E-02  7.11104E+01  2.63180E+00  5.97749E+09
  8.59800E-02  8.26915E-02  1.29331E+02  4.07750E+00  1.79287E+11
  8.09800E-02  8.28223E-02  4.82141E+02  6.64549E+01  4.77326E+14
