  1.03098E+00  2.15001E+00  1.05876E+01  1.12742E+02  5.11042E+00
  1.02598E+00  2.14927E+00  1.06025E+01  1.12898E+02  5.20593E+00
  1.02098E+00  2.14849E+00  1.06174E+01  1.13050E+02  5.30394E+00
  1.01598E+00  2.14765E+00  1.06324E+01  1.13198E+02  5.40555E+00
  1.01098E+00  2.14675E+00  1.06474E+01  1.13343E+02  5.51000E+00
  1.00598E+00  2.14580E+00  1.06625E+01  1.13483E+02  5.61775E+00
  1.00098E+00  2.14479E+00  1.06776E+01  1.13619E+02  5.72894E+00
  9.95980E-01  2.14372E+00  1.06928E+01  1.13751E+02  5.84344E+00
  9.90980E-01  2.14259E+00  1.07080E+01  1.13878E+02  5.96192E+00
  9.85980E-01  2.14141E+00  1.07233E+01  1.14001E+02  6.08372E+00
  9.80980E-01  2.14015E+00  1.07386E+01  1.14120E+02  6.20995E+00
  9.75980E-01  2.13884E+00  1.07540E+01  1.14233E+02  6.34006E+00
  9.70980E-01  2.13746E+00  1.07694E+01  1.14342E+02  6.47464E+00
  9.65980E-01  2.13602E+00  1.07849E+01  1.14445E+02  6.61365E+00
  9.60980E-01  2.13451E+00  1.08004E+01  1.14543E+02  6.75706E+00
  9.55980E-01  2.13293E+00  1.08160E+01  1.14636E+02  6.90568E+00
  9.50980E-01  2.13128E+00  1.08316E+01  1.14724E+02  7.05855E+00
  9.45980E-01  2.12956E+00  1.08472E+01  1.14806E+02  7.21779E+00
  9.40980E-01  2.12777E+00  1.08629E+01  1.14882E+02  7.38195E+00
  9.35980E-01  2.12590E+00  1.08786E+01  1.14953E+02  7.55188E+00
  9.30980E-01  2.12396E+00  1.08944E+01  1.15017E+02  7.72791E+00
  9.25980E-01  2.12195E+00  1.09102E+01  1.15076E+02  7.90984E+00
  9.20980E-01  2.11985E+00  1.09261E+01  1.15128E+02  8.09846E+00
  9.15980E-01  2.11768E+00  1.09420E+01  1.15173E+02  8.29383E+00
  9.10980E-01  2.11542E+00  1.09579E+01  1.15212E+02  8.49643E+00
  9.05980E-01  2.11308E+00  1.09738E+01  1.15244E+02  8.70685E+00
  9.00980E-01  2.11066E+00  1.09898E+01  1.15270E+02  8.92377E+00
  8.95980E-01  2.10816E+00  1.10058E+01  1.15288E+02  9.15023E+00
  8.90980E-01  2.10556E+00  1.10219E+01  1.15299E+02  9.38451E+00
  8.85980E-01  2.10288E+00  1.10380E+01  1.15303E+02  9.62720E+00
  8.80980E-01  2.10011E+00  1.10541E+01  1.15299E+02  9.87999E+00
  8.75980E-01  2.09725E+00  1.10702E+01  1.15287E+02  1.01422E+01
  8.70980E-01  2.09429E+00  1.10864E+01  1.15267E+02  1.04145E+01
  8.65980E-01  2.09124E+00  1.11026E+01  1.15240E+02  1.06980E+01
  8.60980E-01  2.08809E+00  1.11188E+01  1.15204E+02  1.09920E+01
  8.55980E-01  2.08484E+00  1.11351E+01  1.15160E+02  1.12979E+01
  8.50980E-01  2.08149E+00  1.11512E+01  1.15107E+02  1.16165E+01
  8.45980E-01  2.07804E+00  1.11675E+01  1.15045E+02  1.19478E+01
  8.40980E-01  2.07449E+00  1.11839E+01  1.14975E+02  1.22931E+01
  8.35980E-01  2.07083E+00  1.12001E+01  1.14895E+02  1.26526E+01
  8.30980E-01  2.06706E+00  1.12165E+01  1.14806E+02  1.30268E+01
  8.25980E-01  2.06319E+00  1.12328E+01  1.14708E+02  1.34166E+01
  8.20980E-01  2.05920E+00  1.12491E+01  1.14600E+02  1.38237E+01
  8.15980E-01  2.05510E+00  1.12654E+01  1.14482E+02  1.42481E+01
  8.10980E-01  2.05088E+00  1.12818E+01  1.14354E+02  1.46908E+01
  8.05980E-01  2.04655E+00  1.12981E+01  1.14216E+02  1.51535E+01
  8.00980E-01  2.04210E+00  1.13145E+01  1.14067E+02  1.56355E+01
  7.95980E-01  2.03753E+00  1.13308E+01  1.13908E+02  1.61394E+01
  7.90980E-01  2.03284E+00  1.13471E+01  1.13738E+02  1.66670E+01
  7.85980E-01  2.02802E+00  1.13634E+01  1.13556E+02  1.72188E+01
  7.80980E-01  2.02307E+00  1.13797E+01  1.13364E+02  1.77933E+01
  7.75980E-01  2.01800E+00  1.13960E+01  1.13160E+02  1.83979E+01
  7.70980E-01  2.01280E+00  1.14123E+01  1.12945E+02  1.90291E+01
  7.65980E-01  2.00746E+00  1.14286E+01  1.12718E+02  1.96900E+01
  7.60980E-01  2.00199E+00  1.14448E+01  1.12479E+02  2.03831E+01
  7.55980E-01  1.99638E+00  1.14611E+01  1.12228E+02  2.11100E+01
  7.50980E-01  1.99063E+00  1.14772E+01  1.11964E+02  2.18730E+01
  7.45980E-01  1.98474E+00  1.14935E+01  1.11688E+02  2.26716E+01
  7.40980E-01  1.97871E+00  1.15096E+01  1.11399E+02  2.35104E+01
  7.35980E-01  1.97253E+00  1.15257E+01  1.11098E+02  2.43932E+01
  7.30980E-01  1.96621E+00  1.15418E+01  1.10783E+02  2.53211E+01
  7.25980E-01  1.95973E+00  1.15577E+01  1.10454E+02  2.62949E+01
  7.20980E-01  1.95310E+00  1.15738E+01  1.10113E+02  2.73191E+01
  7.15980E-01  1.94632E+00  1.15897E+01  1.09757E+02  2.83979E+01
  7.10980E-01  1.93939E+00  1.16055E+01  1.09388E+02  2.95346E+01
  7.05980E-01  1.93229E+00  1.16214E+01  1.09004E+02  3.07334E+01
  7.00980E-01  1.92504E+00  1.16372E+01  1.08607E+02  3.19933E+01
  6.95980E-01  1.91762E+00  1.16529E+01  1.08195E+02  3.33244E+01
  6.90980E-01  1.91003E+00  1.16685E+01  1.07768E+02  3.47288E+01
  6.85980E-01  1.90228E+00  1.16840E+01  1.07326E+02  3.62136E+01
  6.80980E-01  1.89436E+00  1.16996E+01  1.06870E+02  3.77835E+01
  6.75980E-01  1.88627E+00  1.17149E+01  1.06398E+02  3.94394E+01
  6.70980E-01  1.87801E+00  1.17303E+01  1.05912E+02  4.11913E+01
  6.65980E-01  1.86957E+00  1.17456E+01  1.05409E+02  4.30458E+01
  6.60980E-01  1.86095E+00  1.17607E+01  1.04891E+02  4.50127E+01
  6.55980E-01  1.85215E+00  1.17758E+01  1.04358E+02  4.70971E+01
  6.50980E-01  1.84318E+00  1.17907E+01  1.03808E+02  4.93090E+01
  6.45980E-01  1.83401E+00  1.18057E+01  1.03243E+02  5.16534E+01
  6.40980E-01  1.82466E+00  1.18204E+01  1.02661E+02  5.41398E+01
  6.35980E-01  1.81513E+00  1.18350E+01  1.02063E+02  5.67866E+01
  6.30980E-01  1.80540E+00  1.18496E+01  1.01449E+02  5.95988E+01
  6.25980E-01  1.79548E+00  1.18640E+01  1.00818E+02  6.25954E+01
  6.20980E-01  1.78537E+00  1.18783E+01  1.00171E+02  6.57824E+01
  6.15980E-01  1.77507E+00  1.18923E+01  9.95073E+01  6.91833E+01
  6.10980E-01  1.76456E+00  1.19064E+01  9.88265E+01  7.28100E+01
  6.05980E-01  1.75386E+00  1.19202E+01  9.81291E+01  7.66777E+01
  6.00980E-01  1.74296E+00  1.19340E+01  9.74148E+01  8.08069E+01
  5.95980E-01  1.73185E+00  1.19475E+01  9.66834E+01  8.52187E+01
  5.90980E-01  1.72054E+00  1.19609E+01  9.59352E+01  8.99503E+01
  5.85980E-01  1.70903E+00  1.19741E+01  9.51699E+01  9.50014E+01
  5.80980E-01  1.69731E+00  1.19873E+01  9.43876E+01  1.00416E+02
  5.75980E-01  1.68538E+00  1.20002E+01  9.35882E+01  1.06223E+02
  5.70980E-01  1.67324E+00  1.20129E+01  9.27719E+01  1.12462E+02
  5.65980E-01  1.66090E+00  1.20254E+01  9.19386E+01  1.19158E+02
  5.60980E-01  1.64834E+00  1.20378E+01  9.10882E+01  1.26363E+02
  5.55980E-01  1.63556E+00  1.20500E+01  9.02210E+01  1.34097E+02
  5.50980E-01  1.62258E+00  1.20619E+01  8.93370E+01  1.42458E+02
  5.45980E-01  1.60938E+00  1.20737E+01  8.84362E+01  1.51454E+02
  5.40980E-01  1.59597E+00  1.20853E+01  8.75188E+01  1.61165E+02
  5.35980E-01  1.58234E+00  1.20965E+01  8.65849E+01  1.71649E+02
  5.30980E-01  1.56850E+00  1.21077E+01  8.56345E+01  1.83000E+02
  5.25980E-01  1.55444E+00  1.21185E+01  8.46679E+01  1.95273E+02
  5.20980E-01  1.54016E+00  1.21293E+01  8.36852E+01  2.08572E+02
  5.15980E-01  1.52567E+00  1.21396E+01  8.26866E+01  2.22982E+02
  5.10980E-01  1.51097E+00  1.21499E+01  8.16724E+01  2.38640E+02
  5.05980E-01  1.49605E+00  1.21598E+01  8.06426E+01  2.55668E+02
  5.00980E-01  1.48091E+00  1.21695E+01  7.95978E+01  2.74154E+02
  4.95980E-01  1.46556E+00  1.21789E+01  7.85379E+01  2.94327E+02
  4.90980E-01  1.45000E+00  1.21881E+01  7.74635E+01  3.16310E+02
  4.85980E-01  1.43422E+00  1.21971E+01  7.63747E+01  3.40329E+02
  4.80980E-01  1.41824E+00  1.22056E+01  7.52720E+01  3.66585E+02
  4.75980E-01  1.40204E+00  1.22141E+01  7.41556E+01  3.95324E+02
  4.70980E-01  1.38564E+00  1.22222E+01  7.30260E+01  4.26801E+02
  4.65980E-01  1.36903E+00  1.22301E+01  7.18835E+01  4.61282E+02
  4.60980E-01  1.35222E+00  1.22377E+01  7.07288E+01  4.99250E+02
  4.55980E-01  1.33521E+00  1.22450E+01  6.95621E+01  5.41003E+02
  4.50980E-01  1.31800E+00  1.22522E+01  6.83839E+01  5.86938E+02
  4.45980E-01  1.30060E+00  1.22589E+01  6.71948E+01  6.37656E+02
  4.40980E-01  1.28300E+00  1.22654E+01  6.59954E+01  6.93650E+02
  4.35980E-01  1.26522E+00  1.22718E+01  6.47861E+01  7.55703E+02
  4.30980E-01  1.24725E+00  1.22776E+01  6.35675E+01  8.24323E+02
  4.25980E-01  1.22910E+00  1.22834E+01  6.23403E+01  9.00400E+02
  4.20980E-01  1.21077E+00  1.22890E+01  6.11050E+01  9.85210E+02
  4.15980E-01  1.19227E+00  1.22941E+01  5.98624E+01  1.07938E+03
  4.10980E-01  1.17361E+00  1.22991E+01  5.86132E+01  1.18427E+03
  4.05980E-01  1.15478E+00  1.23040E+01  5.73580E+01  1.30176E+03
  4.00980E-01  1.13580E+00  1.23084E+01  5.60976E+01  1.43284E+03
  3.95980E-01  1.11667E+00  1.23128E+01  5.48327E+01  1.57981E+03
  3.90980E-01  1.09739E+00  1.23170E+01  5.35642E+01  1.74478E+03
  3.85980E-01  1.07798E+00  1.23209E+01  5.22928E+01  1.93030E+03
  3.80980E-01  1.05844E+00  1.23247E+01  5.10192E+01  2.13953E+03
  3.75980E-01  1.03877E+00  1.23285E+01  4.97445E+01  2.37480E+03
  3.70980E-01  1.01899E+00  1.23321E+01  4.84696E+01  2.64232E+03
  3.65980E-01  9.99102E-01  1.23356E+01  4.71950E+01  2.94424E+03
  3.60980E-01  9.79117E-01  1.23390E+01  4.59221E+01  3.28760E+03
  3.55980E-01  9.59041E-01  1.23426E+01  4.46514E+01  3.67794E+03
  3.50980E-01  9.38883E-01  1.23462E+01  4.33840E+01  4.12319E+03
  3.45980E-01  9.18655E-01  1.23497E+01  4.21209E+01  4.63306E+03
  3.40980E-01  8.98367E-01  1.23535E+01  4.08632E+01  5.21507E+03
  3.35980E-01  8.78027E-01  1.23573E+01  3.96115E+01  5.88446E+03
  3.30980E-01  8.57646E-01  1.23614E+01  3.83670E+01  6.65481E+03
  3.25980E-01  8.37237E-01  1.23661E+01  3.71309E+01  7.54124E+03
  3.20980E-01  8.16808E-01  1.23711E+01  3.59037E+01  8.57010E+03
  3.15980E-01  7.96374E-01  1.23766E+01  3.46868E+01  9.76138E+03
  3.10980E-01  7.75947E-01  1.23825E+01  3.34812E+01  1.11475E+04
  3.05980E-01  7.55538E-01  1.23893E+01  3.22877E+01  1.27595E+04
  3.00980E-01  7.35159E-01  1.23967E+01  3.11074E+01  1.46452E+04
  2.95980E-01  7.14824E-01  1.24053E+01  2.99413E+01  1.68578E+04
  2.90980E-01  6.94549E-01  1.24148E+01  2.87904E+01  1.94568E+04
  2.85980E-01  6.74341E-01  1.24258E+01  2.76555E+01  2.25260E+04
  2.80980E-01  6.54221E-01  1.24382E+01  2.65378E+01  2.61511E+04
  2.75980E-01  6.34201E-01  1.24524E+01  2.54382E+01  3.04587E+04
  2.70980E-01  6.14295E-01  1.24684E+01  2.43576E+01  3.55803E+04
  2.65980E-01  5.94518E-01  1.24869E+01  2.32968E+01  4.17055E+04
  2.60980E-01  5.74884E-01  1.25076E+01  2.22568E+01  4.90437E+04
  2.55980E-01  5.55410E-01  1.25316E+01  2.12384E+01  5.78829E+04
  2.50980E-01  5.36109E-01  1.25585E+01  2.02423E+01  6.85691E+04
  2.45980E-01  5.16998E-01  1.25894E+01  1.92695E+01  8.14771E+04
  2.40980E-01  4.98092E-01  1.26241E+01  1.83205E+01  9.72251E+04
  2.35980E-01  4.79409E-01  1.26633E+01  1.73963E+01  1.16472E+05
  2.30980E-01  4.60962E-01  1.27085E+01  1.64974E+01  1.40088E+05
  2.25980E-01  4.42768E-01  1.27598E+01  1.56244E+01  1.69218E+05
  2.20980E-01  4.24844E-01  1.28185E+01  1.47779E+01  2.05230E+05
  2.15980E-01  4.07204E-01  1.28838E+01  1.39585E+01  2.50053E+05
  2.10980E-01  3.89864E-01  1.29595E+01  1.31665E+01  3.06119E+05
  2.05980E-01  3.72841E-01  1.30460E+01  1.24026E+01  3.76515E+05
  2.00980E-01  3.56148E-01  1.31427E+01  1.16668E+01  4.65305E+05
  1.95980E-01  3.39803E-01  1.32547E+01  1.09596E+01  5.78051E+05
  1.90980E-01  3.23820E-01  1.33826E+01  1.02813E+01  7.21675E+05
  1.85980E-01  3.08213E-01  1.35287E+01  9.63193E+00  9.06289E+05
  1.80980E-01  2.92998E-01  1.36963E+01  9.01172E+00  1.14425E+06
  1.75980E-01  2.78189E-01  1.38885E+01  8.42074E+00  1.45343E+06
  1.70980E-01  2.63798E-01  1.41103E+01  7.85891E+00  1.85657E+06
  1.65980E-01  2.49841E-01  1.43688E+01  7.32631E+00  2.38669E+06
  1.60980E-01  2.36330E-01  1.46668E+01  6.82279E+00  3.08855E+06
  1.55980E-01  2.23278E-01  1.50141E+01  6.34823E+00  4.02292E+06
  1.50980E-01  2.10698E-01  1.54244E+01  5.90258E+00  5.27467E+06
  1.45980E-01  1.98601E-01  1.59068E+01  5.48549E+00  6.96956E+06
  1.40980E-01  1.86999E-01  1.64803E+01  5.09689E+00  9.27507E+06
  1.35980E-01  1.75904E-01  1.71668E+01  4.73657E+00  1.24406E+07
  1.30980E-01  1.65327E-01  1.79981E+01  4.40447E+00  1.68259E+07
  1.25980E-01  1.55279E-01  1.90156E+01  4.10057E+00  2.29619E+07
  1.20980E-01  1.45772E-01  2.02773E+01  3.82503E+00  3.16545E+07
  1.15980E-01  1.36818E-01  2.18609E+01  3.57829E+00  4.41864E+07
  1.10980E-01  1.28431E-01  2.39110E+01  3.36173E+00  6.27024E+07
  1.05980E-01  1.20625E-01  2.66122E+01  3.17725E+00  9.11819E+07
  1.00980E-01  1.13418E-01  3.02663E+01  3.02859E+00  1.38515E+08
  9.59800E-02  1.06843E-01  3.54815E+01  2.92521E+00  2.29967E+08
  9.09800E-02  1.00927E-01  4.32848E+01  2.88495E+00  4.62798E+08
  8.59800E-02  9.57363E-02  5.59473E+01  2.95833E+00  1.39313E+09
  8.09800E-02  9.13939E-02  7.94402E+01  3.32624E+00  8.57387E+09
