  1.07598E+00  2.17374E+00  1.05561E+01  1.14228E+02  4.38628E+00
  1.07098E+00  2.17372E+00  1.05703E+01  1.14444E+02  4.45402E+00
  1.06598E+00  2.17366E+00  1.05845E+01  1.14658E+02  4.52333E+00
  1.06098E+00  2.17356E+00  1.05988E+01  1.14869E+02  4.59486E+00
  1.05598E+00  2.17343E+00  1.06132E+01  1.15078E+02  4.66818E+00
  1.05098E+00  2.17324E+00  1.06276E+01  1.15284E+02  4.74346E+00
  1.04598E+00  2.17302E+00  1.06421E+01  1.15488E+02  4.82078E+00
  1.04098E+00  2.17275E+00  1.06567E+01  1.15689E+02  4.90058E+00
  1.03598E+00  2.17244E+00  1.06712E+01  1.15887E+02  4.98250E+00
  1.03098E+00  2.17209E+00  1.06859E+01  1.16082E+02  5.06689E+00
  1.02598E+00  2.17168E+00  1.07006E+01  1.16273E+02  5.15330E+00
  1.02098E+00  2.17123E+00  1.07154E+01  1.16462E+02  5.24261E+00
  1.01598E+00  2.17074E+00  1.07302E+01  1.16647E+02  5.33418E+00
  1.01098E+00  2.17019E+00  1.07450E+01  1.16829E+02  5.42870E+00
  1.00598E+00  2.16959E+00  1.07600E+01  1.17008E+02  5.52587E+00
  1.00098E+00  2.16894E+00  1.07749E+01  1.17183E+02  5.62611E+00
  9.95980E-01  2.16824E+00  1.07899E+01  1.17354E+02  5.72946E+00
  9.90980E-01  2.16749E+00  1.08050E+01  1.17521E+02  5.83575E+00
  9.85980E-01  2.16668E+00  1.08201E+01  1.17684E+02  5.94527E+00
  9.80980E-01  2.16581E+00  1.08353E+01  1.17844E+02  6.05816E+00
  9.75980E-01  2.16489E+00  1.08506E+01  1.17999E+02  6.17453E+00
  9.70980E-01  2.16391E+00  1.08658E+01  1.18149E+02  6.29439E+00
  9.65980E-01  2.16287E+00  1.08812E+01  1.18296E+02  6.41844E+00
  9.60980E-01  2.16177E+00  1.08965E+01  1.18437E+02  6.54630E+00
  9.55980E-01  2.16061E+00  1.09120E+01  1.18574E+02  6.67837E+00
  9.50980E-01  2.15939E+00  1.09274E+01  1.18707E+02  6.81425E+00
  9.45980E-01  2.15810E+00  1.09430E+01  1.18834E+02  6.95486E+00
  9.40980E-01  2.15675E+00  1.09585E+01  1.18956E+02  7.10010E+00
  9.35980E-01  2.15533E+00  1.09741E+01  1.19073E+02  7.25014E+00
  9.30980E-01  2.15384E+00  1.09898E+01  1.19184E+02  7.40519E+00
  9.25980E-01  2.15228E+00  1.10055E+01  1.19290E+02  7.56554E+00
  9.20980E-01  2.15065E+00  1.10212E+01  1.19390E+02  7.73146E+00
  9.15980E-01  2.14894E+00  1.10370E+01  1.19485E+02  7.90258E+00
  9.10980E-01  2.14717E+00  1.10528E+01  1.19573E+02  8.07996E+00
  9.05980E-01  2.14531E+00  1.10687E+01  1.19655E+02  8.26344E+00
  9.00980E-01  2.14338E+00  1.10846E+01  1.19731E+02  8.45316E+00
  8.95980E-01  2.14138E+00  1.11006E+01  1.19800E+02  8.65025E+00
  8.90980E-01  2.13929E+00  1.11165E+01  1.19863E+02  8.85421E+00
  8.85980E-01  2.13712E+00  1.11325E+01  1.19919E+02  9.06552E+00
  8.80980E-01  2.13486E+00  1.11486E+01  1.19968E+02  9.28427E+00
  8.75980E-01  2.13253E+00  1.11647E+01  1.20009E+02  9.51076E+00
  8.70980E-01  2.13010E+00  1.11808E+01  1.20044E+02  9.74618E+00
  8.65980E-01  2.12759E+00  1.11969E+01  1.20071E+02  9.99014E+00
  8.60980E-01  2.12498E+00  1.12131E+01  1.20090E+02  1.02439E+01
  8.55980E-01  2.12229E+00  1.12293E+01  1.20101E+02  1.05074E+01
  8.50980E-01  2.11950E+00  1.12455E+01  1.20104E+02  1.07802E+01
  8.45980E-01  2.11661E+00  1.12618E+01  1.20099E+02  1.10641E+01
  8.40980E-01  2.11363E+00  1.12781E+01  1.20085E+02  1.13591E+01
  8.35980E-01  2.11055E+00  1.12944E+01  1.20063E+02  1.16654E+01
  8.30980E-01  2.10737E+00  1.13107E+01  1.20032E+02  1.19846E+01
  8.25980E-01  2.10408E+00  1.13270E+01  1.19992E+02  1.23168E+01
  8.20980E-01  2.10069E+00  1.13434E+01  1.19942E+02  1.26619E+01
  8.15980E-01  2.09719E+00  1.13597E+01  1.19883E+02  1.30217E+01
  8.10980E-01  2.09359E+00  1.13761E+01  1.19815E+02  1.33963E+01
  8.05980E-01  2.08987E+00  1.13925E+01  1.19736E+02  1.37862E+01
  8.00980E-01  2.08604E+00  1.14089E+01  1.19647E+02  1.41934E+01
  7.95980E-01  2.08209E+00  1.14253E+01  1.19548E+02  1.46183E+01
  7.90980E-01  2.07802E+00  1.14417E+01  1.19438E+02  1.50605E+01
  7.85980E-01  2.07384E+00  1.14582E+01  1.19318E+02  1.55227E+01
  7.80980E-01  2.06953E+00  1.14746E+01  1.19186E+02  1.60054E+01
  7.75980E-01  2.06510E+00  1.14910E+01  1.19044E+02  1.65087E+01
  7.70980E-01  2.06055E+00  1.15074E+01  1.18890E+02  1.70362E+01
  7.65980E-01  2.05586E+00  1.15238E+01  1.18724E+02  1.75877E+01
  7.60980E-01  2.05105E+00  1.15402E+01  1.18546E+02  1.81630E+01
  7.55980E-01  2.04610E+00  1.15565E+01  1.18356E+02  1.87659E+01
  7.50980E-01  2.04101E+00  1.15729E+01  1.18153E+02  1.93968E+01
  7.45980E-01  2.03579E+00  1.15893E+01  1.17938E+02  2.00583E+01
  7.40980E-01  2.03042E+00  1.16055E+01  1.17710E+02  2.07516E+01
  7.35980E-01  2.02492E+00  1.16218E+01  1.17469E+02  2.14774E+01
  7.30980E-01  2.01926E+00  1.16381E+01  1.17214E+02  2.22395E+01
  7.25980E-01  2.01346E+00  1.16543E+01  1.16946E+02  2.30396E+01
  7.20980E-01  2.00751E+00  1.16705E+01  1.16664E+02  2.38787E+01
  7.15980E-01  2.00141E+00  1.16867E+01  1.16368E+02  2.47623E+01
  7.10980E-01  1.99515E+00  1.17028E+01  1.16058E+02  2.56911E+01
  7.05980E-01  1.98873E+00  1.17188E+01  1.15733E+02  2.66665E+01
  7.00980E-01  1.98215E+00  1.17349E+01  1.15393E+02  2.76915E+01
  6.95980E-01  1.97541E+00  1.17508E+01  1.15038E+02  2.87723E+01
  6.90980E-01  1.96851E+00  1.17668E+01  1.14668E+02  2.99121E+01
  6.85980E-01  1.96143E+00  1.17826E+01  1.14282E+02  3.11151E+01
  6.80980E-01  1.95418E+00  1.17984E+01  1.13880E+02  3.23807E+01
  6.75980E-01  1.94676E+00  1.18141E+01  1.13463E+02  3.37156E+01
  6.70980E-01  1.93916E+00  1.18297E+01  1.13029E+02  3.51269E+01
  6.65980E-01  1.93138E+00  1.18453E+01  1.12578E+02  3.66196E+01
  6.60980E-01  1.92342E+00  1.18607E+01  1.12111E+02  3.81995E+01
  6.55980E-01  1.91528E+00  1.18761E+01  1.11627E+02  3.98677E+01
  6.50980E-01  1.90695E+00  1.18914E+01  1.11126E+02  4.16334E+01
  6.45980E-01  1.89843E+00  1.19066E+01  1.10607E+02  4.35035E+01
  6.40980E-01  1.88971E+00  1.19217E+01  1.10071E+02  4.54902E+01
  6.35980E-01  1.88080E+00  1.19367E+01  1.09517E+02  4.75978E+01
  6.30980E-01  1.87169E+00  1.19515E+01  1.08945E+02  4.98298E+01
  6.25980E-01  1.86238E+00  1.19663E+01  1.08355E+02  5.22049E+01
  6.20980E-01  1.85287E+00  1.19809E+01  1.07746E+02  5.47303E+01
  6.15980E-01  1.84315E+00  1.19954E+01  1.07119E+02  5.74170E+01
  6.10980E-01  1.83322E+00  1.20097E+01  1.06472E+02  6.02753E+01
  6.05980E-01  1.82308E+00  1.20239E+01  1.05807E+02  6.33211E+01
  6.00980E-01  1.81273E+00  1.20380E+01  1.05123E+02  6.65695E+01
  5.95980E-01  1.80216E+00  1.20519E+01  1.04420E+02  7.00428E+01
  5.90980E-01  1.79138E+00  1.20656E+01  1.03697E+02  7.37448E+01
  5.85980E-01  1.78037E+00  1.20792E+01  1.02955E+02  7.77065E+01
  5.80980E-01  1.76914E+00  1.20926E+01  1.02193E+02  8.19409E+01
  5.75980E-01  1.75768E+00  1.21058E+01  1.01412E+02  8.64790E+01
  5.70980E-01  1.74599E+00  1.21188E+01  1.00610E+02  9.13484E+01
  5.65980E-01  1.73408E+00  1.21317E+01  9.97891E+01  9.65574E+01
  5.60980E-01  1.72193E+00  1.21443E+01  9.89480E+01  1.02158E+02
  5.55980E-01  1.70955E+00  1.21567E+01  9.80868E+01  1.08175E+02
  5.50980E-01  1.69693E+00  1.21689E+01  9.72054E+01  1.14658E+02
  5.45980E-01  1.68408E+00  1.21809E+01  9.63042E+01  1.21618E+02
  5.40980E-01  1.67098E+00  1.21926E+01  9.53827E+01  1.29131E+02
  5.35980E-01  1.65764E+00  1.22042E+01  9.44415E+01  1.37232E+02
  5.30980E-01  1.64407E+00  1.22153E+01  9.34801E+01  1.45994E+02
  5.25980E-01  1.63024E+00  1.22264E+01  9.24988E+01  1.55450E+02
  5.20980E-01  1.61618E+00  1.22372E+01  9.14977E+01  1.65681E+02
  5.15980E-01  1.60186E+00  1.22476E+01  9.04769E+01  1.76787E+02
  5.10980E-01  1.58730E+00  1.22577E+01  8.94365E+01  1.88812E+02
  5.05980E-01  1.57250E+00  1.22677E+01  8.83766E+01  2.01890E+02
  5.00980E-01  1.55744E+00  1.22774E+01  8.72975E+01  2.16070E+02
  4.95980E-01  1.54213E+00  1.22867E+01  8.61993E+01  2.31548E+02
  4.90980E-01  1.52658E+00  1.22957E+01  8.50823E+01  2.48394E+02
  4.85980E-01  1.51078E+00  1.23045E+01  8.39467E+01  2.66754E+02
  4.80980E-01  1.49473E+00  1.23129E+01  8.27928E+01  2.86811E+02
  4.75980E-01  1.47843E+00  1.23209E+01  8.16210E+01  3.08774E+02
  4.70980E-01  1.46188E+00  1.23287E+01  8.04315E+01  3.32832E+02
  4.65980E-01  1.44509E+00  1.23361E+01  7.92248E+01  3.59158E+02
  4.60980E-01  1.42805E+00  1.23431E+01  7.80012E+01  3.88142E+02
  4.55980E-01  1.41077E+00  1.23499E+01  7.67612E+01  4.19958E+02
  4.50980E-01  1.39325E+00  1.23563E+01  7.55053E+01  4.54988E+02
  4.45980E-01  1.37549E+00  1.23622E+01  7.42340E+01  4.93701E+02
  4.40980E-01  1.35749E+00  1.23679E+01  7.29479E+01  5.36424E+02
  4.35980E-01  1.33925E+00  1.23733E+01  7.16473E+01  5.83616E+02
  4.30980E-01  1.32079E+00  1.23781E+01  7.03331E+01  6.35979E+02
  4.25980E-01  1.30209E+00  1.23827E+01  6.90059E+01  6.94036E+02
  4.20980E-01  1.28317E+00  1.23870E+01  6.76663E+01  7.58574E+02
  4.15980E-01  1.26403E+00  1.23908E+01  6.63151E+01  8.30447E+02
  4.10980E-01  1.24468E+00  1.23942E+01  6.49529E+01  9.10569E+02
  4.05980E-01  1.22511E+00  1.23974E+01  6.35806E+01  1.00009E+03
  4.00980E-01  1.20534E+00  1.24001E+01  6.21992E+01  1.10026E+03
  3.95980E-01  1.18537E+00  1.24025E+01  6.08092E+01  1.21274E+03
  3.90980E-01  1.16521E+00  1.24047E+01  5.94119E+01  1.33889E+03
  3.85980E-01  1.14485E+00  1.24063E+01  5.80079E+01  1.48101E+03
  3.80980E-01  1.12432E+00  1.24078E+01  5.65983E+01  1.64113E+03
  3.75980E-01  1.10362E+00  1.24089E+01  5.51841E+01  1.82204E+03
  3.70980E-01  1.08275E+00  1.24097E+01  5.37664E+01  2.02730E+03
  3.65980E-01  1.06172E+00  1.24103E+01  5.23462E+01  2.25987E+03
  3.60980E-01  1.04055E+00  1.24106E+01  5.09245E+01  2.52453E+03
  3.55980E-01  1.01924E+00  1.24107E+01  4.95027E+01  2.82626E+03
  3.50980E-01  9.97805E-01  1.24106E+01  4.80817E+01  3.17040E+03
  3.45980E-01  9.76253E-01  1.24105E+01  4.66629E+01  3.56563E+03
  3.40980E-01  9.54592E-01  1.24102E+01  4.52473E+01  4.01830E+03
  3.35980E-01  9.32839E-01  1.24098E+01  4.38362E+01  4.53952E+03
  3.30980E-01  9.11004E-01  1.24094E+01  4.24311E+01  5.14103E+03
  3.25980E-01  8.89099E-01  1.24092E+01  4.10329E+01  5.83694E+03
  3.20980E-01  8.67136E-01  1.24089E+01  3.96431E+01  6.64400E+03
  3.15980E-01  8.45132E-01  1.24089E+01  3.82629E+01  7.58208E+03
  3.10980E-01  8.23099E-01  1.24092E+01  3.68937E+01  8.67863E+03
  3.05980E-01  8.01053E-01  1.24100E+01  3.55369E+01  9.95914E+03
  3.00980E-01  7.79008E-01  1.24111E+01  3.41936E+01  1.14644E+04
  2.95980E-01  7.56978E-01  1.24131E+01  3.28651E+01  1.32330E+04
  2.90980E-01  7.34983E-01  1.24156E+01  3.15529E+01  1.53243E+04
  2.85980E-01  7.13037E-01  1.24192E+01  3.02583E+01  1.77996E+04
  2.80980E-01  6.91157E-01  1.24238E+01  2.89824E+01  2.07454E+04
  2.75980E-01  6.69362E-01  1.24299E+01  2.77266E+01  2.42573E+04
  2.70980E-01  6.47670E-01  1.24373E+01  2.64922E+01  2.84657E+04
  2.65980E-01  6.26097E-01  1.24468E+01  2.52803E+01  3.35150E+04
  2.60980E-01  6.04665E-01  1.24582E+01  2.40923E+01  3.96180E+04
  2.55980E-01  5.83389E-01  1.24720E+01  2.29291E+01  4.69898E+04
  2.50980E-01  5.62294E-01  1.24888E+01  2.17921E+01  5.59820E+04
  2.45980E-01  5.41391E-01  1.25091E+01  2.06820E+01  6.69443E+04
  2.40980E-01  5.20705E-01  1.25325E+01  1.96000E+01  8.03957E+04
  2.35980E-01  5.00257E-01  1.25605E+01  1.85472E+01  9.69731E+04
  2.30980E-01  4.80064E-01  1.25938E+01  1.75244E+01  1.17490E+05
  2.25980E-01  4.60148E-01  1.26321E+01  1.65325E+01  1.42998E+05
  2.20980E-01  4.40530E-01  1.26774E+01  1.55723E+01  1.74875E+05
  2.15980E-01  4.21228E-01  1.27303E+01  1.46445E+01  2.14944E+05
  2.10980E-01  4.02263E-01  1.27915E+01  1.37496E+01  2.65380E+05
  2.05980E-01  3.83654E-01  1.28631E+01  1.28883E+01  3.29660E+05
  2.00980E-01  3.65423E-01  1.29469E+01  1.20610E+01  4.11611E+05
  1.95980E-01  3.47587E-01  1.30431E+01  1.12681E+01  5.16849E+05
  1.90980E-01  3.30167E-01  1.31553E+01  1.05099E+01  6.52796E+05
  1.85980E-01  3.13179E-01  1.32868E+01  9.78665E+00  8.29345E+05
  1.80980E-01  2.96645E-01  1.34394E+01  9.09850E+00  1.06040E+06
  1.75980E-01  2.80581E-01  1.36165E+01  8.44539E+00  1.36490E+06
  1.70980E-01  2.65004E-01  1.38245E+01  7.82734E+00  1.76786E+06
  1.65980E-01  2.49931E-01  1.40689E+01  7.24427E+00  2.30612E+06
  1.60980E-01  2.35379E-01  1.43559E+01  6.69587E+00  3.02989E+06
  1.55980E-01  2.21363E-01  1.46959E+01  6.18196E+00  4.00971E+06
  1.50980E-01  2.07898E-01  1.51002E+01  5.70224E+00  5.34618E+06
  1.45980E-01  1.94998E-01  1.55834E+01  5.25624E+00  7.18526E+06
  1.40980E-01  1.82678E-01  1.61650E+01  4.84368E+00  9.73811E+06
  1.35980E-01  1.70949E-01  1.68723E+01  4.46410E+00  1.33143E+07
  1.30980E-01  1.59824E-01  1.77403E+01  4.11714E+00  1.83756E+07
  1.25980E-01  1.49317E-01  1.88176E+01  3.80265E+00  2.56230E+07
  1.20980E-01  1.39441E-01  2.01806E+01  3.52068E+00  3.61252E+07
  1.15980E-01  1.30206E-01  2.19345E+01  3.27146E+00  5.16421E+07
  1.10980E-01  1.21632E-01  2.42482E+01  3.05649E+00  7.53901E+07
  1.05980E-01  1.13733E-01  2.73834E+01  2.87805E+00  1.13508E+08
  1.00980E-01  1.06531E-01  3.17988E+01  2.74160E+00  1.82335E+08
  9.59800E-02  1.00060E-01  3.83750E+01  2.65982E+00  3.37048E+08
  9.09800E-02  9.43707E-02  4.88989E+01  2.66474E+00  8.62127E+08
  8.59800E-02  8.95589E-02  6.77718E+01  2.86124E+00  4.20343E+09
  8.09800E-02  8.58549E-02  1.09054E+02  3.78204E+00  5.95354E+10
