  1.00098E+00  2.11596E+00  1.04982E+01  1.09667E+02  5.91997E+00
  9.95980E-01  2.11438E+00  1.05125E+01  1.09738E+02  6.04843E+00
  9.90980E-01  2.11273E+00  1.05269E+01  1.09805E+02  6.18164E+00
  9.85980E-01  2.11101E+00  1.05413E+01  1.09865E+02  6.31863E+00
  9.80980E-01  2.10922E+00  1.05557E+01  1.09920E+02  6.46107E+00
  9.75980E-01  2.10735E+00  1.05702E+01  1.09970E+02  6.60758E+00
  9.70980E-01  2.10542E+00  1.05847E+01  1.10013E+02  6.75960E+00
  9.65980E-01  2.10341E+00  1.05992E+01  1.10051E+02  6.91746E+00
  9.60980E-01  2.10132E+00  1.06138E+01  1.10082E+02  7.08011E+00
  9.55980E-01  2.09915E+00  1.06284E+01  1.10107E+02  7.24923E+00
  9.50980E-01  2.09691E+00  1.06429E+01  1.10126E+02  7.42379E+00
  9.45980E-01  2.09458E+00  1.06576E+01  1.10138E+02  7.60491E+00
  9.40980E-01  2.09218E+00  1.06723E+01  1.10143E+02  7.79337E+00
  9.35980E-01  2.08968E+00  1.06869E+01  1.10141E+02  7.98752E+00
  9.30980E-01  2.08711E+00  1.07015E+01  1.10133E+02  8.18984E+00
  9.25980E-01  2.08444E+00  1.07163E+01  1.10117E+02  8.39937E+00
  9.20980E-01  2.08169E+00  1.07310E+01  1.10093E+02  8.61666E+00
  9.15980E-01  2.07885E+00  1.07457E+01  1.10063E+02  8.84307E+00
  9.10980E-01  2.07592E+00  1.07605E+01  1.10024E+02  9.07697E+00
  9.05980E-01  2.07289E+00  1.07752E+01  1.09978E+02  9.32055E+00
  9.00980E-01  2.06977E+00  1.07900E+01  1.09924E+02  9.57447E+00
  8.95980E-01  2.06655E+00  1.08048E+01  1.09862E+02  9.83716E+00
  8.90980E-01  2.06323E+00  1.08196E+01  1.09791E+02  1.01114E+01
  8.85980E-01  2.05982E+00  1.08343E+01  1.09712E+02  1.03958E+01
  8.80980E-01  2.05630E+00  1.08491E+01  1.09625E+02  1.06918E+01
  8.75980E-01  2.05268E+00  1.08639E+01  1.09528E+02  1.10007E+01
  8.70980E-01  2.04896E+00  1.08787E+01  1.09423E+02  1.13220E+01
  8.65980E-01  2.04512E+00  1.08935E+01  1.09309E+02  1.16563E+01
  8.60980E-01  2.04118E+00  1.09083E+01  1.09185E+02  1.20058E+01
  8.55980E-01  2.03713E+00  1.09230E+01  1.09052E+02  1.23689E+01
  8.50980E-01  2.03297E+00  1.09378E+01  1.08909E+02  1.27476E+01
  8.45980E-01  2.02869E+00  1.09526E+01  1.08756E+02  1.31433E+01
  8.40980E-01  2.02430E+00  1.09672E+01  1.08594E+02  1.35572E+01
  8.35980E-01  2.01979E+00  1.09820E+01  1.08421E+02  1.39875E+01
  8.30980E-01  2.01516E+00  1.09967E+01  1.08238E+02  1.44380E+01
  8.25980E-01  2.01041E+00  1.10114E+01  1.08045E+02  1.49095E+01
  8.20980E-01  2.00553E+00  1.10261E+01  1.07841E+02  1.54004E+01
  8.15980E-01  2.00053E+00  1.10407E+01  1.07626E+02  1.59149E+01
  8.10980E-01  1.99540E+00  1.10552E+01  1.07400E+02  1.64544E+01
  8.05980E-01  1.99015E+00  1.10699E+01  1.07162E+02  1.70180E+01
  8.00980E-01  1.98476E+00  1.10844E+01  1.06914E+02  1.76074E+01
  7.95980E-01  1.97924E+00  1.10989E+01  1.06654E+02  1.82258E+01
  7.90980E-01  1.97358E+00  1.11134E+01  1.06382E+02  1.88754E+01
  7.85980E-01  1.96779E+00  1.11277E+01  1.06099E+02  1.95539E+01
  7.80980E-01  1.96185E+00  1.11421E+01  1.05803E+02  2.02671E+01
  7.75980E-01  1.95578E+00  1.11565E+01  1.05495E+02  2.10169E+01
  7.70980E-01  1.94956E+00  1.11707E+01  1.05175E+02  2.18032E+01
  7.65980E-01  1.94320E+00  1.11849E+01  1.04842E+02  2.26272E+01
  7.60980E-01  1.93669E+00  1.11991E+01  1.04497E+02  2.34950E+01
  7.55980E-01  1.93003E+00  1.12131E+01  1.04138E+02  2.44085E+01
  7.50980E-01  1.92322E+00  1.12272E+01  1.03767E+02  2.53715E+01
  7.45980E-01  1.91625E+00  1.12411E+01  1.03383E+02  2.63812E+01
  7.40980E-01  1.90913E+00  1.12550E+01  1.02985E+02  2.74459E+01
  7.35980E-01  1.90186E+00  1.12688E+01  1.02573E+02  2.85685E+01
  7.30980E-01  1.89442E+00  1.12825E+01  1.02149E+02  2.97545E+01
  7.25980E-01  1.88682E+00  1.12962E+01  1.01710E+02  3.10056E+01
  7.20980E-01  1.87906E+00  1.13097E+01  1.01257E+02  3.23212E+01
  7.15980E-01  1.87113E+00  1.13232E+01  1.00791E+02  3.37130E+01
  7.10980E-01  1.86304E+00  1.13365E+01  1.00310E+02  3.51848E+01
  7.05980E-01  1.85478E+00  1.13497E+01  9.98148E+01  3.67420E+01
  7.00980E-01  1.84634E+00  1.13630E+01  9.93052E+01  3.83924E+01
  6.95980E-01  1.83773E+00  1.13759E+01  9.87811E+01  4.01342E+01
  6.90980E-01  1.82895E+00  1.13889E+01  9.82424E+01  4.19796E+01
  6.85980E-01  1.81999E+00  1.14017E+01  9.76890E+01  4.39379E+01
  6.80980E-01  1.81085E+00  1.14144E+01  9.71207E+01  4.60145E+01
  6.75980E-01  1.80153E+00  1.14270E+01  9.65374E+01  4.82235E+01
  6.70980E-01  1.79203E+00  1.14393E+01  9.59391E+01  5.05660E+01
  6.65980E-01  1.78235E+00  1.14517E+01  9.53257E+01  5.30542E+01
  6.60980E-01  1.77248E+00  1.14637E+01  9.46974E+01  5.56979E+01
  6.55980E-01  1.76242E+00  1.14758E+01  9.40535E+01  5.85128E+01
  6.50980E-01  1.75218E+00  1.14876E+01  9.33946E+01  6.15107E+01
  6.45980E-01  1.74174E+00  1.14993E+01  9.27202E+01  6.47068E+01
  6.40980E-01  1.73111E+00  1.15109E+01  9.20306E+01  6.81147E+01
  6.35980E-01  1.72029E+00  1.15222E+01  9.13257E+01  7.17532E+01
  6.30980E-01  1.70927E+00  1.15334E+01  9.06052E+01  7.56470E+01
  6.25980E-01  1.69806E+00  1.15444E+01  8.98695E+01  7.97942E+01
  6.20980E-01  1.68665E+00  1.15553E+01  8.91184E+01  8.42386E+01
  6.15980E-01  1.67505E+00  1.15658E+01  8.83521E+01  8.90006E+01
  6.10980E-01  1.66324E+00  1.15764E+01  8.75704E+01  9.41006E+01
  6.05980E-01  1.65123E+00  1.15865E+01  8.67734E+01  9.95636E+01
  6.00980E-01  1.63903E+00  1.15967E+01  8.59613E+01  1.05430E+02
  5.95980E-01  1.62662E+00  1.16064E+01  8.51341E+01  1.11724E+02
  5.90980E-01  1.61401E+00  1.16161E+01  8.42919E+01  1.18491E+02
  5.85980E-01  1.60120E+00  1.16254E+01  8.34348E+01  1.25771E+02
  5.80980E-01  1.58818E+00  1.16347E+01  8.25629E+01  1.33612E+02
  5.75980E-01  1.57496E+00  1.16435E+01  8.16764E+01  1.42068E+02
  5.70980E-01  1.56154E+00  1.16524E+01  8.07753E+01  1.51188E+02
  5.65980E-01  1.54791E+00  1.16607E+01  7.98599E+01  1.61032E+02
  5.60980E-01  1.53408E+00  1.16691E+01  7.89303E+01  1.71691E+02
  5.55980E-01  1.52005E+00  1.16769E+01  7.79870E+01  1.83196E+02
  5.50980E-01  1.50581E+00  1.16848E+01  7.70299E+01  1.95667E+02
  5.45980E-01  1.49137E+00  1.16922E+01  7.60593E+01  2.09184E+02
  5.40980E-01  1.47673E+00  1.16995E+01  7.50755E+01  2.23823E+02
  5.35980E-01  1.46189E+00  1.17063E+01  7.40787E+01  2.39745E+02
  5.30980E-01  1.44685E+00  1.17131E+01  7.30694E+01  2.57065E+02
  5.25980E-01  1.43161E+00  1.17194E+01  7.20476E+01  2.75911E+02
  5.20980E-01  1.41618E+00  1.17255E+01  7.10139E+01  2.96453E+02
  5.15980E-01  1.40055E+00  1.17314E+01  6.99685E+01  3.18863E+02
  5.10980E-01  1.38472E+00  1.17368E+01  6.89119E+01  3.43343E+02
  5.05980E-01  1.36871E+00  1.17423E+01  6.78445E+01  3.70152E+02
  5.00980E-01  1.35250E+00  1.17471E+01  6.67665E+01  3.99434E+02
  4.95980E-01  1.33611E+00  1.17519E+01  6.56785E+01  4.31541E+02
  4.90980E-01  1.31953E+00  1.17562E+01  6.45810E+01  4.66722E+02
  4.85980E-01  1.30278E+00  1.17602E+01  6.34743E+01  5.05433E+02
  4.80980E-01  1.28584E+00  1.17642E+01  6.23591E+01  5.48076E+02
  4.75980E-01  1.26873E+00  1.17676E+01  6.12359E+01  5.95027E+02
  4.70980E-01  1.25145E+00  1.17709E+01  6.01050E+01  6.46659E+02
  4.65980E-01  1.23401E+00  1.17738E+01  5.89672E+01  7.03838E+02
  4.60980E-01  1.21640E+00  1.17764E+01  5.78231E+01  7.67069E+02
  4.55980E-01  1.19863E+00  1.17789E+01  5.66730E+01  8.37171E+02
  4.50980E-01  1.18071E+00  1.17809E+01  5.55178E+01  9.14717E+02
  4.45980E-01  1.16264E+00  1.17828E+01  5.43581E+01  1.00097E+03
  4.40980E-01  1.14442E+00  1.17844E+01  5.31945E+01  1.09716E+03
  4.35980E-01  1.12607E+00  1.17856E+01  5.20277E+01  1.20388E+03
  4.30980E-01  1.10759E+00  1.17867E+01  5.08584E+01  1.32320E+03
  4.25980E-01  1.08898E+00  1.17876E+01  4.96872E+01  1.45678E+03
  4.20980E-01  1.07025E+00  1.17881E+01  4.85150E+01  1.60586E+03
  4.15980E-01  1.05141E+00  1.17884E+01  4.73424E+01  1.77336E+03
  4.10980E-01  1.03247E+00  1.17890E+01  4.61702E+01  1.96142E+03
  4.05980E-01  1.01343E+00  1.17889E+01  4.49992E+01  2.17299E+03
  4.00980E-01  9.94293E-01  1.17888E+01  4.38302E+01  2.41194E+03
  3.95980E-01  9.75078E-01  1.17887E+01  4.26639E+01  2.68072E+03
  3.90980E-01  9.55789E-01  1.17885E+01  4.15012E+01  2.98632E+03
  3.85980E-01  9.36434E-01  1.17881E+01  4.03428E+01  3.33108E+03
  3.80980E-01  9.17023E-01  1.17876E+01  3.91896E+01  3.72408E+03
  3.75980E-01  8.97564E-01  1.17874E+01  3.80423E+01  4.16999E+03
  3.70980E-01  8.78068E-01  1.17873E+01  3.69020E+01  4.67919E+03
  3.65980E-01  8.58545E-01  1.17870E+01  3.57694E+01  5.26105E+03
  3.60980E-01  8.39002E-01  1.17870E+01  3.46452E+01  5.92695E+03
  3.55980E-01  8.19454E-01  1.17871E+01  3.35304E+01  6.69246E+03
  3.50980E-01  7.99906E-01  1.17879E+01  3.24257E+01  7.57067E+03
  3.45980E-01  7.80375E-01  1.17888E+01  3.13321E+01  8.58393E+03
  3.40980E-01  7.60867E-01  1.17902E+01  3.02502E+01  9.75715E+03
  3.35980E-01  7.41395E-01  1.17921E+01  2.91809E+01  1.11116E+04
  3.30980E-01  7.21971E-01  1.17944E+01  2.81251E+01  1.26872E+04
  3.25980E-01  7.02608E-01  1.17978E+01  2.70836E+01  1.45202E+04
  3.20980E-01  6.83317E-01  1.18018E+01  2.60570E+01  1.66627E+04
  3.15980E-01  6.64110E-01  1.18070E+01  2.50463E+01  1.91643E+04
  3.10980E-01  6.44999E-01  1.18133E+01  2.40520E+01  2.20993E+04
  3.05980E-01  6.26000E-01  1.18213E+01  2.30751E+01  2.55553E+04
  3.00980E-01  6.07119E-01  1.18305E+01  2.21159E+01  2.96299E+04
  2.95980E-01  5.88375E-01  1.18415E+01  2.11756E+01  3.44569E+04
  2.90980E-01  5.69778E-01  1.18543E+01  2.02544E+01  4.01806E+04
  2.85980E-01  5.51342E-01  1.18695E+01  1.93531E+01  4.70026E+04
  2.80980E-01  5.33079E-01  1.18870E+01  1.84723E+01  5.51423E+04
  2.75980E-01  5.15006E-01  1.19074E+01  1.76126E+01  6.49014E+04
  2.70980E-01  4.97129E-01  1.19306E+01  1.67744E+01  7.66339E+04
  2.65980E-01  4.79470E-01  1.19579E+01  1.59584E+01  9.08153E+04
  2.60980E-01  4.62034E-01  1.19893E+01  1.51648E+01  1.07932E+05
  2.55980E-01  4.44839E-01  1.20255E+01  1.43941E+01  1.28728E+05
  2.50980E-01  4.27896E-01  1.20666E+01  1.36467E+01  1.54116E+05
  2.45980E-01  4.11218E-01  1.21139E+01  1.29229E+01  1.85194E+05
  2.40980E-01  3.94818E-01  1.21674E+01  1.22230E+01  2.23362E+05
  2.35980E-01  3.78710E-01  1.22278E+01  1.15474E+01  2.70502E+05
  2.30980E-01  3.62903E-01  1.22980E+01  1.08960E+01  3.28825E+05
  2.25980E-01  3.47413E-01  1.23777E+01  1.02691E+01  4.01506E+05
  2.20980E-01  3.32250E-01  1.24680E+01  9.66684E+00  4.92214E+05
  2.15980E-01  3.17425E-01  1.25705E+01  9.08921E+00  6.06182E+05
  2.10980E-01  3.02951E-01  1.26886E+01  8.53631E+00  7.49908E+05
  2.05980E-01  2.88836E-01  1.28223E+01  8.00792E+00  9.31936E+05
  2.00980E-01  2.75094E-01  1.29756E+01  7.50420E+00  1.16363E+06
  1.95980E-01  2.61733E-01  1.31519E+01  7.02489E+00  1.46017E+06
  1.90980E-01  2.48764E-01  1.33520E+01  6.56981E+00  1.84125E+06
  1.85980E-01  2.36195E-01  1.35841E+01  6.13883E+00  2.33364E+06
  1.80980E-01  2.24037E-01  1.38511E+01  5.73176E+00  2.97513E+06
  1.75980E-01  2.12297E-01  1.41608E+01  5.34828E+00  3.81272E+06
  1.70980E-01  2.00984E-01  1.45204E+01  4.98813E+00  4.91412E+06
  1.65980E-01  1.90107E-01  1.49389E+01  4.65106E+00  6.37065E+06
  1.60980E-01  1.79670E-01  1.54309E+01  4.33670E+00  8.30821E+06
  1.55980E-01  1.69683E-01  1.60164E+01  4.04486E+00  1.09010E+07
  1.50980E-01  1.60154E-01  1.67126E+01  3.77541E+00  1.44117E+07
  1.45980E-01  1.51087E-01  1.75460E+01  3.52796E+00  1.91804E+07
  1.40980E-01  1.42491E-01  1.85594E+01  3.30259E+00  2.57312E+07
  1.35980E-01  1.34374E-01  1.98053E+01  3.09941E+00  3.48436E+07
  1.30980E-01  1.26741E-01  2.13596E+01  2.91874E+00  4.77222E+07
  1.25980E-01  1.19604E-01  2.33363E+01  2.76163E+00  6.64134E+07
  1.20980E-01  1.12970E-01  2.59004E+01  2.62949E+00  9.46522E+07
  1.15980E-01  1.06855E-01  2.93113E+01  2.52562E+00  1.40762E+08
  1.10980E-01  1.01277E-01  3.40131E+01  2.45619E+00  2.27086E+08
  1.05980E-01  9.62637E-02  4.08341E+01  2.43469E+00  4.32393E+08
  1.00980E-01  9.18490E-02  5.12934E+01  2.49131E+00  1.12747E+09
  9.59800E-02  8.81154E-02  6.89892E+01  2.72001E+00  4.97843E+09
  9.09800E-02  8.52075E-02  1.03470E+02  3.49809E+00  4.73554E+10
  8.59800E-02  8.36526E-02  1.94954E+02  8.06136E+00  1.88550E+12
  8.09800E-02  8.65334E-02  6.31168E+02  1.61691E+02  1.80490E+15
