  1.12598E+00  2.07838E+00  1.04432E+01  1.03447E+02  5.82378E+00
  1.12098E+00  2.07836E+00  1.04557E+01  1.03629E+02  5.90103E+00
  1.11598E+00  2.07831E+00  1.04683E+01  1.03810E+02  5.98020E+00
  1.11098E+00  2.07823E+00  1.04808E+01  1.03989E+02  6.06128E+00
  1.10598E+00  2.07812E+00  1.04935E+01  1.04166E+02  6.14448E+00
  1.10098E+00  2.07798E+00  1.05062E+01  1.04342E+02  6.22943E+00
  1.09598E+00  2.07780E+00  1.05189E+01  1.04516E+02  6.31726E+00
  1.09098E+00  2.07759E+00  1.05317E+01  1.04689E+02  6.40668E+00
  1.08598E+00  2.07735E+00  1.05446E+01  1.04859E+02  6.49886E+00
  1.08098E+00  2.07707E+00  1.05575E+01  1.05028E+02  6.59281E+00
  1.07598E+00  2.07676E+00  1.05705E+01  1.05194E+02  6.68970E+00
  1.07098E+00  2.07641E+00  1.05835E+01  1.05359E+02  6.78908E+00
  1.06598E+00  2.07602E+00  1.05966E+01  1.05521E+02  6.89103E+00
  1.06098E+00  2.07560E+00  1.06097E+01  1.05681E+02  6.99582E+00
  1.05598E+00  2.07513E+00  1.06229E+01  1.05839E+02  7.10306E+00
  1.05098E+00  2.07463E+00  1.06362E+01  1.05995E+02  7.21396E+00
  1.04598E+00  2.07409E+00  1.06495E+01  1.06148E+02  7.32714E+00
  1.04098E+00  2.07351E+00  1.06628E+01  1.06298E+02  7.44397E+00
  1.03598E+00  2.07288E+00  1.06762E+01  1.06446E+02  7.56342E+00
  1.03098E+00  2.07221E+00  1.06897E+01  1.06592E+02  7.68660E+00
  1.02598E+00  2.07150E+00  1.07032E+01  1.06734E+02  7.81296E+00
  1.02098E+00  2.07075E+00  1.07168E+01  1.06874E+02  7.94372E+00
  1.01598E+00  2.06995E+00  1.07304E+01  1.07011E+02  8.07709E+00
  1.01098E+00  2.06910E+00  1.07441E+01  1.07144E+02  8.21523E+00
  1.00598E+00  2.06820E+00  1.07578E+01  1.07275E+02  8.35711E+00
  1.00098E+00  2.06726E+00  1.07716E+01  1.07402E+02  8.50307E+00
  9.95980E-01  2.06627E+00  1.07854E+01  1.07526E+02  8.65270E+00
  9.90980E-01  2.06523E+00  1.07993E+01  1.07647E+02  8.80748E+00
  9.85980E-01  2.06414E+00  1.08133E+01  1.07764E+02  8.96656E+00
  9.80980E-01  2.06299E+00  1.08273E+01  1.07878E+02  9.13089E+00
  9.75980E-01  2.06179E+00  1.08413E+01  1.07988E+02  9.29972E+00
  9.70980E-01  2.06054E+00  1.08553E+01  1.08094E+02  9.47439E+00
  9.65980E-01  2.05923E+00  1.08695E+01  1.08196E+02  9.65414E+00
  9.60980E-01  2.05787E+00  1.08837E+01  1.08294E+02  9.83942E+00
  9.55980E-01  2.05645E+00  1.08979E+01  1.08388E+02  1.00299E+01
  9.50980E-01  2.05497E+00  1.09122E+01  1.08478E+02  1.02270E+01
  9.45980E-01  2.05343E+00  1.09265E+01  1.08564E+02  1.04301E+01
  9.40980E-01  2.05182E+00  1.09409E+01  1.08644E+02  1.06408E+01
  9.35980E-01  2.05016E+00  1.09553E+01  1.08721E+02  1.08570E+01
  9.30980E-01  2.04843E+00  1.09698E+01  1.08792E+02  1.10814E+01
  9.25980E-01  2.04664E+00  1.09843E+01  1.08859E+02  1.13121E+01
  9.20980E-01  2.04478E+00  1.09988E+01  1.08921E+02  1.15514E+01
  9.15980E-01  2.04285E+00  1.10134E+01  1.08978E+02  1.17974E+01
  9.10980E-01  2.04086E+00  1.10281E+01  1.09029E+02  1.20532E+01
  9.05980E-01  2.03879E+00  1.10427E+01  1.09075E+02  1.23171E+01
  9.00980E-01  2.03666E+00  1.10574E+01  1.09116E+02  1.25899E+01
  8.95980E-01  2.03445E+00  1.10722E+01  1.09151E+02  1.28731E+01
  8.90980E-01  2.03217E+00  1.10870E+01  1.09180E+02  1.31652E+01
  8.85980E-01  2.02981E+00  1.11018E+01  1.09203E+02  1.34687E+01
  8.80980E-01  2.02737E+00  1.11167E+01  1.09221E+02  1.37815E+01
  8.75980E-01  2.02486E+00  1.11316E+01  1.09232E+02  1.41065E+01
  8.70980E-01  2.02226E+00  1.11465E+01  1.09236E+02  1.44433E+01
  8.65980E-01  2.01959E+00  1.11615E+01  1.09234E+02  1.47920E+01
  8.60980E-01  2.01683E+00  1.11765E+01  1.09226E+02  1.51547E+01
  8.55980E-01  2.01399E+00  1.11915E+01  1.09211E+02  1.55301E+01
  8.50980E-01  2.01106E+00  1.12066E+01  1.09188E+02  1.59202E+01
  8.45980E-01  2.00804E+00  1.12216E+01  1.09159E+02  1.63233E+01
  8.40980E-01  2.00493E+00  1.12368E+01  1.09122E+02  1.67440E+01
  8.35980E-01  2.00173E+00  1.12519E+01  1.09078E+02  1.71801E+01
  8.30980E-01  1.99844E+00  1.12671E+01  1.09026E+02  1.76332E+01
  8.25980E-01  1.99506E+00  1.12822E+01  1.08966E+02  1.81055E+01
  8.20980E-01  1.99157E+00  1.12975E+01  1.08899E+02  1.85952E+01
  8.15980E-01  1.98800E+00  1.13127E+01  1.08823E+02  1.91040E+01
  8.10980E-01  1.98431E+00  1.13279E+01  1.08739E+02  1.96345E+01
  8.05980E-01  1.98053E+00  1.13432E+01  1.08646E+02  2.01864E+01
  8.00980E-01  1.97665E+00  1.13585E+01  1.08545E+02  2.07623E+01
  7.95980E-01  1.97266E+00  1.13737E+01  1.08434E+02  2.13619E+01
  7.90980E-01  1.96856E+00  1.13890E+01  1.08315E+02  2.19858E+01
  7.85980E-01  1.96435E+00  1.14043E+01  1.08187E+02  2.26377E+01
  7.80980E-01  1.96003E+00  1.14196E+01  1.08049E+02  2.33149E+01
  7.75980E-01  1.95560E+00  1.14349E+01  1.07901E+02  2.40237E+01
  7.70980E-01  1.95106E+00  1.14502E+01  1.07744E+02  2.47654E+01
  7.65980E-01  1.94639E+00  1.14655E+01  1.07576E+02  2.55383E+01
  7.60980E-01  1.94161E+00  1.14808E+01  1.07399E+02  2.63448E+01
  7.55980E-01  1.93670E+00  1.14962E+01  1.07211E+02  2.71904E+01
  7.50980E-01  1.93168E+00  1.15114E+01  1.07012E+02  2.80705E+01
  7.45980E-01  1.92653E+00  1.15267E+01  1.06803E+02  2.89941E+01
  7.40980E-01  1.92125E+00  1.15420E+01  1.06582E+02  2.99629E+01
  7.35980E-01  1.91584E+00  1.15572E+01  1.06351E+02  3.09759E+01
  7.30980E-01  1.91030E+00  1.15724E+01  1.06108E+02  3.20360E+01
  7.25980E-01  1.90462E+00  1.15877E+01  1.05854E+02  3.31480E+01
  7.20980E-01  1.89881E+00  1.16028E+01  1.05587E+02  3.43143E+01
  7.15980E-01  1.89286E+00  1.16180E+01  1.05309E+02  3.55383E+01
  7.10980E-01  1.88677E+00  1.16331E+01  1.05018E+02  3.68230E+01
  7.05980E-01  1.88054E+00  1.16482E+01  1.04716E+02  3.81765E+01
  7.00980E-01  1.87416E+00  1.16633E+01  1.04400E+02  3.95955E+01
  6.95980E-01  1.86763E+00  1.16782E+01  1.04072E+02  4.10848E+01
  6.90980E-01  1.86096E+00  1.16933E+01  1.03731E+02  4.26544E+01
  6.85980E-01  1.85413E+00  1.17082E+01  1.03376E+02  4.43087E+01
  6.80980E-01  1.84715E+00  1.17230E+01  1.03008E+02  4.60497E+01
  6.75980E-01  1.84001E+00  1.17378E+01  1.02626E+02  4.78830E+01
  6.70980E-01  1.83271E+00  1.17526E+01  1.02231E+02  4.98168E+01
  6.65980E-01  1.82526E+00  1.17673E+01  1.01822E+02  5.18591E+01
  6.60980E-01  1.81764E+00  1.17819E+01  1.01398E+02  5.40171E+01
  6.55980E-01  1.80985E+00  1.17964E+01  1.00960E+02  5.62937E+01
  6.50980E-01  1.80189E+00  1.18109E+01  1.00508E+02  5.86988E+01
  6.45980E-01  1.79377E+00  1.18253E+01  1.00041E+02  6.12428E+01
  6.40980E-01  1.78547E+00  1.18396E+01  9.95586E+01  6.39406E+01
  6.35980E-01  1.77700E+00  1.18538E+01  9.90615E+01  6.67989E+01
  6.30980E-01  1.76834E+00  1.18679E+01  9.85490E+01  6.98236E+01
  6.25980E-01  1.75951E+00  1.18819E+01  9.80210E+01  7.30309E+01
  6.20980E-01  1.75050E+00  1.18958E+01  9.74774E+01  7.64359E+01
  6.15980E-01  1.74130E+00  1.19097E+01  9.69181E+01  8.00539E+01
  6.10980E-01  1.73192E+00  1.19234E+01  9.63430E+01  8.39010E+01
  6.05980E-01  1.72235E+00  1.19369E+01  9.57516E+01  8.79972E+01
  6.00980E-01  1.71258E+00  1.19504E+01  9.51440E+01  9.23514E+01
  5.95980E-01  1.70263E+00  1.19637E+01  9.45203E+01  9.69829E+01
  5.90980E-01  1.69247E+00  1.19770E+01  9.38799E+01  1.01928E+02
  5.85980E-01  1.68212E+00  1.19900E+01  9.32233E+01  1.07200E+02
  5.80980E-01  1.67157E+00  1.20029E+01  9.25496E+01  1.12842E+02
  5.75980E-01  1.66082E+00  1.20156E+01  9.18593E+01  1.18862E+02
  5.70980E-01  1.64987E+00  1.20283E+01  9.11524E+01  1.25303E+02
  5.65980E-01  1.63871E+00  1.20407E+01  9.04282E+01  1.32193E+02
  5.60980E-01  1.62735E+00  1.20529E+01  8.96872E+01  1.39598E+02
  5.55980E-01  1.61577E+00  1.20650E+01  8.89292E+01  1.47520E+02
  5.50980E-01  1.60399E+00  1.20770E+01  8.81540E+01  1.56016E+02
  5.45980E-01  1.59199E+00  1.20887E+01  8.73616E+01  1.65162E+02
  5.40980E-01  1.57978E+00  1.21001E+01  8.65522E+01  1.74995E+02
  5.35980E-01  1.56735E+00  1.21115E+01  8.57257E+01  1.85574E+02
  5.30980E-01  1.55471E+00  1.21226E+01  8.48820E+01  1.96953E+02
  5.25980E-01  1.54185E+00  1.21336E+01  8.40213E+01  2.09263E+02
  5.20980E-01  1.52877E+00  1.21442E+01  8.31435E+01  2.22544E+02
  5.15980E-01  1.51547E+00  1.21547E+01  8.22489E+01  2.36891E+02
  5.10980E-01  1.50195E+00  1.21650E+01  8.13373E+01  2.52394E+02
  5.05980E-01  1.48821E+00  1.21750E+01  8.04089E+01  2.69213E+02
  5.00980E-01  1.47425E+00  1.21847E+01  7.94640E+01  2.87467E+02
  4.95980E-01  1.46007E+00  1.21942E+01  7.85025E+01  3.07215E+02
  4.90980E-01  1.44566E+00  1.22035E+01  7.75247E+01  3.28717E+02
  4.85980E-01  1.43103E+00  1.22125E+01  7.65306E+01  3.52138E+02
  4.80980E-01  1.41617E+00  1.22212E+01  7.55207E+01  3.77644E+02
  4.75980E-01  1.40110E+00  1.22296E+01  7.44951E+01  4.05422E+02
  4.70980E-01  1.38580E+00  1.22379E+01  7.34540E+01  4.35830E+02
  4.65980E-01  1.37028E+00  1.22457E+01  7.23977E+01  4.69061E+02
  4.60980E-01  1.35454E+00  1.22534E+01  7.13265E+01  5.05418E+02
  4.55980E-01  1.33858E+00  1.22608E+01  7.02408E+01  5.45295E+02
  4.50980E-01  1.32241E+00  1.22678E+01  6.91410E+01  5.89092E+02
  4.45980E-01  1.30601E+00  1.22745E+01  6.80273E+01  6.37275E+02
  4.40980E-01  1.28940E+00  1.22810E+01  6.69002E+01  6.90245E+02
  4.35980E-01  1.27258E+00  1.22872E+01  6.57602E+01  7.48745E+02
  4.30980E-01  1.25554E+00  1.22930E+01  6.46077E+01  8.13297E+02
  4.25980E-01  1.23830E+00  1.22985E+01  6.34433E+01  8.84642E+02
  4.20980E-01  1.22086E+00  1.23039E+01  6.22675E+01  9.63931E+02
  4.15980E-01  1.20321E+00  1.23088E+01  6.10807E+01  1.05177E+03
  4.10980E-01  1.18536E+00  1.23134E+01  5.98837E+01  1.14922E+03
  4.05980E-01  1.16732E+00  1.23179E+01  5.86770E+01  1.25800E+03
  4.00980E-01  1.14909E+00  1.23220E+01  5.74613E+01  1.37925E+03
  3.95980E-01  1.13067E+00  1.23257E+01  5.62372E+01  1.51434E+03
  3.90980E-01  1.11208E+00  1.23294E+01  5.50056E+01  1.66615E+03
  3.85980E-01  1.09331E+00  1.23326E+01  5.37670E+01  1.83601E+03
  3.80980E-01  1.07436E+00  1.23356E+01  5.25224E+01  2.02696E+03
  3.75980E-01  1.05526E+00  1.23385E+01  5.12725E+01  2.24184E+03
  3.70980E-01  1.03600E+00  1.23410E+01  5.00182E+01  2.48466E+03
  3.65980E-01  1.01658E+00  1.23436E+01  4.87603E+01  2.75872E+03
  3.60980E-01  9.97029E-01  1.23455E+01  4.74997E+01  3.06952E+03
  3.55980E-01  9.77338E-01  1.23477E+01  4.62373E+01  3.42177E+03
  3.50980E-01  9.57522E-01  1.23498E+01  4.49742E+01  3.82311E+03
  3.45980E-01  9.37588E-01  1.23515E+01  4.37112E+01  4.28068E+03
  3.40980E-01  9.17545E-01  1.23535E+01  4.24494E+01  4.80352E+03
  3.35980E-01  8.97404E-01  1.23551E+01  4.11898E+01  5.40268E+03
  3.30980E-01  8.77174E-01  1.23572E+01  3.99336E+01  6.09127E+03
  3.25980E-01  8.56864E-01  1.23593E+01  3.86815E+01  6.88555E+03
  3.20980E-01  8.36489E-01  1.23614E+01  3.74350E+01  7.80114E+03
  3.15980E-01  8.16058E-01  1.23640E+01  3.61950E+01  8.86005E+03
  3.10980E-01  7.95584E-01  1.23666E+01  3.49627E+01  1.00939E+04
  3.05980E-01  7.75077E-01  1.23699E+01  3.37391E+01  1.15258E+04
  3.00980E-01  7.54555E-01  1.23734E+01  3.25255E+01  1.32016E+04
  2.95980E-01  7.34028E-01  1.23779E+01  3.13230E+01  1.51602E+04
  2.90980E-01  7.13510E-01  1.23831E+01  3.01327E+01  1.74652E+04
  2.85980E-01  6.93014E-01  1.23893E+01  2.89557E+01  2.01844E+04
  2.80980E-01  6.72560E-01  1.23966E+01  2.77934E+01  2.33989E+04
  2.75980E-01  6.52158E-01  1.24049E+01  2.66467E+01  2.72144E+04
  2.70980E-01  6.31828E-01  1.24150E+01  2.55170E+01  3.17597E+04
  2.65980E-01  6.11584E-01  1.24268E+01  2.44051E+01  3.71863E+04
  2.60980E-01  5.91445E-01  1.24404E+01  2.33125E+01  4.37156E+04
  2.55980E-01  5.71422E-01  1.24569E+01  2.22399E+01  5.15684E+04
  2.50980E-01  5.51537E-01  1.24757E+01  2.11886E+01  6.10655E+04
  2.45980E-01  5.31810E-01  1.24977E+01  2.01596E+01  7.25895E+04
  2.40980E-01  5.12253E-01  1.25230E+01  1.91538E+01  8.66632E+04
  2.35980E-01  4.92888E-01  1.25528E+01  1.81723E+01  1.03888E+05
  2.30980E-01  4.73733E-01  1.25867E+01  1.72159E+01  1.25070E+05
  2.25980E-01  4.54806E-01  1.26262E+01  1.62856E+01  1.51328E+05
  2.20980E-01  4.36129E-01  1.26724E+01  1.53824E+01  1.83882E+05
  2.15980E-01  4.17717E-01  1.27251E+01  1.45066E+01  2.24492E+05
  2.10980E-01  3.99590E-01  1.27855E+01  1.36593E+01  2.75471E+05
  2.05980E-01  3.81770E-01  1.28565E+01  1.28412E+01  3.39959E+05
  2.00980E-01  3.64273E-01  1.29374E+01  1.20526E+01  4.21584E+05
  1.95980E-01  3.47119E-01  1.30306E+01  1.12941E+01  5.25860E+05
  1.90980E-01  3.30326E-01  1.31394E+01  1.05663E+01  6.59500E+05
  1.85980E-01  3.13915E-01  1.32640E+01  9.86946E+00  8.32202E+05
  1.80980E-01  2.97903E-01  1.34093E+01  9.20395E+00  1.05669E+06
  1.75980E-01  2.82308E-01  1.35768E+01  8.56990E+00  1.35018E+06
  1.70980E-01  2.67149E-01  1.37730E+01  7.96762E+00  1.73607E+06
  1.65980E-01  2.52442E-01  1.40018E+01  7.39701E+00  2.24857E+06
  1.60980E-01  2.38207E-01  1.42683E+01  6.85826E+00  2.93231E+06
  1.55980E-01  2.24457E-01  1.45815E+01  6.35115E+00  3.85211E+06
  1.50980E-01  2.11210E-01  1.49533E+01  5.87565E+00  5.09899E+06
  1.45980E-01  1.98482E-01  1.53941E+01  5.43159E+00  6.80298E+06
  1.40980E-01  1.86288E-01  1.59215E+01  5.01876E+00  9.14965E+06
  1.35980E-01  1.74641E-01  1.65572E+01  4.63696E+00  1.24098E+07
  1.30980E-01  1.63558E-01  1.73309E+01  4.28602E+00  1.69839E+07
  1.25980E-01  1.53052E-01  1.82818E+01  3.96580E+00  2.34537E+07
  1.20980E-01  1.43136E-01  1.94683E+01  3.67636E+00  3.27479E+07
  1.15980E-01  1.33829E-01  2.09765E+01  3.41819E+00  4.62921E+07
  1.10980E-01  1.25140E-01  2.29215E+01  3.19174E+00  6.64251E+07
  1.05980E-01  1.17090E-01  2.54954E+01  2.99890E+00  9.75485E+07
  1.00980E-01  1.09700E-01  2.90241E+01  2.84327E+00  1.48898E+08
  9.59800E-02  1.02994E-01  3.40464E+01  2.73175E+00  2.45869E+08
  9.09800E-02  9.70065E-02  4.15766E+01  2.68008E+00  4.84627E+08
  8.59800E-02  9.18028E-02  5.38757E+01  2.73223E+00  1.41604E+09
  8.09800E-02  8.75139E-02  7.65060E+01  3.03885E+00  8.46045E+09
