  1.12598E+00  2.07490E+00  1.04277E+01  1.03758E+02  6.15167E+00
  1.12098E+00  2.07489E+00  1.04386E+01  1.03923E+02  6.22397E+00
  1.11598E+00  2.07484E+00  1.04496E+01  1.04086E+02  6.29750E+00
  1.11098E+00  2.07477E+00  1.04606E+01  1.04247E+02  6.37312E+00
  1.10598E+00  2.07466E+00  1.04716E+01  1.04407E+02  6.45082E+00
  1.10098E+00  2.07453E+00  1.04827E+01  1.04565E+02  6.53005E+00
  1.09598E+00  2.07436E+00  1.04939E+01  1.04721E+02  6.61167E+00
  1.09098E+00  2.07417E+00  1.05051E+01  1.04876E+02  6.69490E+00
  1.08598E+00  2.07394E+00  1.05164E+01  1.05028E+02  6.78041E+00
  1.08098E+00  2.07367E+00  1.05277E+01  1.05179E+02  6.86836E+00
  1.07598E+00  2.07337E+00  1.05390E+01  1.05327E+02  6.95809E+00
  1.07098E+00  2.07304E+00  1.05505E+01  1.05473E+02  7.05078E+00
  1.06598E+00  2.07267E+00  1.05619E+01  1.05618E+02  7.14524E+00
  1.06098E+00  2.07226E+00  1.05734E+01  1.05759E+02  7.24270E+00
  1.05598E+00  2.07182E+00  1.05850E+01  1.05899E+02  7.34245E+00
  1.05098E+00  2.07133E+00  1.05966E+01  1.06036E+02  7.44501E+00
  1.04598E+00  2.07081E+00  1.06083E+01  1.06170E+02  7.55064E+00
  1.04098E+00  2.07025E+00  1.06200E+01  1.06302E+02  7.65866E+00
  1.03598E+00  2.06964E+00  1.06317E+01  1.06431E+02  7.77034E+00
  1.03098E+00  2.06900E+00  1.06435E+01  1.06558E+02  7.88425E+00
  1.02598E+00  2.06831E+00  1.06554E+01  1.06682E+02  8.00177E+00
  1.02098E+00  2.06758E+00  1.06673E+01  1.06802E+02  8.12251E+00
  1.01598E+00  2.06680E+00  1.06793E+01  1.06920E+02  8.24694E+00
  1.01098E+00  2.06597E+00  1.06913E+01  1.07034E+02  8.37519E+00
  1.00598E+00  2.06510E+00  1.07033E+01  1.07146E+02  8.50666E+00
  1.00098E+00  2.06418E+00  1.07155E+01  1.07254E+02  8.64254E+00
  9.95980E-01  2.06321E+00  1.07276E+01  1.07358E+02  8.78181E+00
  9.90980E-01  2.06219E+00  1.07398E+01  1.07459E+02  8.92594E+00
  9.85980E-01  2.06111E+00  1.07521E+01  1.07556E+02  9.07356E+00
  9.80980E-01  2.05999E+00  1.07644E+01  1.07650E+02  9.22654E+00
  9.75980E-01  2.05881E+00  1.07768E+01  1.07739E+02  9.38336E+00
  9.70980E-01  2.05757E+00  1.07892E+01  1.07825E+02  9.54633E+00
  9.65980E-01  2.05628E+00  1.08017E+01  1.07906E+02  9.71298E+00
  9.60980E-01  2.05493E+00  1.08142E+01  1.07984E+02  9.88552E+00
  9.55980E-01  2.05352E+00  1.08267E+01  1.08056E+02  1.00635E+01
  9.50980E-01  2.05204E+00  1.08393E+01  1.08125E+02  1.02474E+01
  9.45980E-01  2.05051E+00  1.08520E+01  1.08189E+02  1.04369E+01
  9.40980E-01  2.04891E+00  1.08647E+01  1.08248E+02  1.06328E+01
  9.35980E-01  2.04725E+00  1.08775E+01  1.08302E+02  1.08352E+01
  9.30980E-01  2.04552E+00  1.08902E+01  1.08351E+02  1.10445E+01
  9.25980E-01  2.04372E+00  1.09031E+01  1.08395E+02  1.12610E+01
  9.20980E-01  2.04186E+00  1.09160E+01  1.08433E+02  1.14846E+01
  9.15980E-01  2.03992E+00  1.09289E+01  1.08466E+02  1.17161E+01
  9.10980E-01  2.03791E+00  1.09418E+01  1.08494E+02  1.19557E+01
  9.05980E-01  2.03582E+00  1.09549E+01  1.08515E+02  1.22034E+01
  9.00980E-01  2.03366E+00  1.09679E+01  1.08531E+02  1.24607E+01
  8.95980E-01  2.03142E+00  1.09810E+01  1.08540E+02  1.27258E+01
  8.90980E-01  2.02910E+00  1.09941E+01  1.08544E+02  1.30025E+01
  8.85980E-01  2.02670E+00  1.10073E+01  1.08540E+02  1.32871E+01
  8.80980E-01  2.02422E+00  1.10206E+01  1.08531E+02  1.35834E+01
  8.75980E-01  2.02165E+00  1.10338E+01  1.08514E+02  1.38899E+01
  8.70980E-01  2.01900E+00  1.10471E+01  1.08490E+02  1.42091E+01
  8.65980E-01  2.01625E+00  1.10604E+01  1.08460E+02  1.45391E+01
  8.60980E-01  2.01342E+00  1.10738E+01  1.08422E+02  1.48824E+01
  8.55980E-01  2.01049E+00  1.10872E+01  1.08376E+02  1.52393E+01
  8.50980E-01  2.00747E+00  1.11006E+01  1.08323E+02  1.56106E+01
  8.45980E-01  2.00435E+00  1.11140E+01  1.08262E+02  1.59964E+01
  8.40980E-01  2.00113E+00  1.11275E+01  1.08192E+02  1.63966E+01
  8.35980E-01  1.99781E+00  1.11410E+01  1.08115E+02  1.68143E+01
  8.30980E-01  1.99439E+00  1.11546E+01  1.08028E+02  1.72475E+01
  8.25980E-01  1.99086E+00  1.11681E+01  1.07933E+02  1.76993E+01
  8.20980E-01  1.98723E+00  1.11817E+01  1.07830E+02  1.81722E+01
  8.15980E-01  1.98348E+00  1.11952E+01  1.07717E+02  1.86615E+01
  8.10980E-01  1.97963E+00  1.12089E+01  1.07594E+02  1.91737E+01
  8.05980E-01  1.97566E+00  1.12225E+01  1.07462E+02  1.97065E+01
  8.00980E-01  1.97157E+00  1.12362E+01  1.07321E+02  2.02633E+01
  7.95980E-01  1.96736E+00  1.12498E+01  1.07169E+02  2.08456E+01
  7.90980E-01  1.96303E+00  1.12635E+01  1.07007E+02  2.14518E+01
  7.85980E-01  1.95858E+00  1.12771E+01  1.06835E+02  2.20866E+01
  7.80980E-01  1.95400E+00  1.12908E+01  1.06651E+02  2.27511E+01
  7.75980E-01  1.94930E+00  1.13045E+01  1.06458E+02  2.34439E+01
  7.70980E-01  1.94446E+00  1.13181E+01  1.06252E+02  2.41709E+01
  7.65980E-01  1.93949E+00  1.13318E+01  1.06036E+02  2.49299E+01
  7.60980E-01  1.93438E+00  1.13455E+01  1.05808E+02  2.57263E+01
  7.55980E-01  1.92913E+00  1.13591E+01  1.05568E+02  2.65606E+01
  7.50980E-01  1.92375E+00  1.13727E+01  1.05316E+02  2.74359E+01
  7.45980E-01  1.91821E+00  1.13863E+01  1.05051E+02  2.83536E+01
  7.40980E-01  1.91253E+00  1.13999E+01  1.04774E+02  2.93164E+01
  7.35980E-01  1.90670E+00  1.14135E+01  1.04484E+02  3.03306E+01
  7.30980E-01  1.90072E+00  1.14270E+01  1.04182E+02  3.13922E+01
  7.25980E-01  1.89459E+00  1.14405E+01  1.03866E+02  3.25105E+01
  7.20980E-01  1.88830E+00  1.14540E+01  1.03536E+02  3.36888E+01
  7.15980E-01  1.88184E+00  1.14674E+01  1.03193E+02  3.49242E+01
  7.10980E-01  1.87522E+00  1.14808E+01  1.02836E+02  3.62273E+01
  7.05980E-01  1.86844E+00  1.14942E+01  1.02464E+02  3.76005E+01
  7.00980E-01  1.86149E+00  1.15074E+01  1.02079E+02  3.90542E+01
  6.95980E-01  1.85437E+00  1.15207E+01  1.01678E+02  4.05779E+01
  6.90980E-01  1.84708E+00  1.15339E+01  1.01263E+02  4.21922E+01
  6.85980E-01  1.83961E+00  1.15470E+01  1.00833E+02  4.38950E+01
  6.80980E-01  1.83196E+00  1.15600E+01  1.00388E+02  4.57010E+01
  6.75980E-01  1.82412E+00  1.15729E+01  9.99265E+01  4.76037E+01
  6.70980E-01  1.81611E+00  1.15858E+01  9.94499E+01  4.96211E+01
  6.65980E-01  1.80790E+00  1.15987E+01  9.89575E+01  5.17579E+01
  6.60980E-01  1.79951E+00  1.16114E+01  9.84490E+01  5.40245E+01
  6.55980E-01  1.79093E+00  1.16240E+01  9.79244E+01  5.64272E+01
  6.50980E-01  1.78214E+00  1.16364E+01  9.73831E+01  5.89718E+01
  6.45980E-01  1.77317E+00  1.16489E+01  9.68255E+01  6.16799E+01
  6.40980E-01  1.76399E+00  1.16612E+01  9.62510E+01  6.45583E+01
  6.35980E-01  1.75461E+00  1.16734E+01  9.56597E+01  6.76186E+01
  6.30980E-01  1.74502E+00  1.16854E+01  9.50515E+01  7.08746E+01
  6.25980E-01  1.73523E+00  1.16973E+01  9.44260E+01  7.43530E+01
  6.20980E-01  1.72523E+00  1.17091E+01  9.37833E+01  7.80536E+01
  6.15980E-01  1.71502E+00  1.17207E+01  9.31231E+01  8.19973E+01
  6.10980E-01  1.70459E+00  1.17322E+01  9.24457E+01  8.62113E+01
  6.05980E-01  1.69395E+00  1.17436E+01  9.17508E+01  9.07173E+01
  6.00980E-01  1.68309E+00  1.17547E+01  9.10380E+01  9.55400E+01
  5.95980E-01  1.67202E+00  1.17658E+01  9.03077E+01  1.00698E+02
  5.90980E-01  1.66071E+00  1.17766E+01  8.95594E+01  1.06223E+02
  5.85980E-01  1.64919E+00  1.17873E+01  8.87937E+01  1.12148E+02
  5.80980E-01  1.63744E+00  1.17977E+01  8.80100E+01  1.18520E+02
  5.75980E-01  1.62547E+00  1.18080E+01  8.72087E+01  1.25358E+02
  5.70980E-01  1.61327E+00  1.18181E+01  8.63897E+01  1.32708E+02
  5.65980E-01  1.60084E+00  1.18280E+01  8.55531E+01  1.40621E+02
  5.60980E-01  1.58818E+00  1.18376E+01  8.46986E+01  1.49154E+02
  5.55980E-01  1.57529E+00  1.18470E+01  8.38268E+01  1.58337E+02
  5.50980E-01  1.56217E+00  1.18562E+01  8.29377E+01  1.68260E+02
  5.45980E-01  1.54882E+00  1.18652E+01  8.20312E+01  1.78980E+02
  5.40980E-01  1.53523E+00  1.18739E+01  8.11076E+01  1.90579E+02
  5.35980E-01  1.52141E+00  1.18824E+01  8.01669E+01  2.03141E+02
  5.30980E-01  1.50736E+00  1.18906E+01  7.92094E+01  2.16745E+02
  5.25980E-01  1.49308E+00  1.18987E+01  7.82353E+01  2.31493E+02
  5.20980E-01  1.47856E+00  1.19063E+01  7.72450E+01  2.47548E+02
  5.15980E-01  1.46381E+00  1.19138E+01  7.62385E+01  2.65002E+02
  5.10980E-01  1.44883E+00  1.19209E+01  7.52162E+01  2.84008E+02
  5.05980E-01  1.43362E+00  1.19278E+01  7.41785E+01  3.04725E+02
  5.00980E-01  1.41818E+00  1.19343E+01  7.31256E+01  3.27334E+02
  4.95980E-01  1.40251E+00  1.19407E+01  7.20579E+01  3.52044E+02
  4.90980E-01  1.38661E+00  1.19467E+01  7.09759E+01  3.79116E+02
  4.85980E-01  1.37049E+00  1.19524E+01  6.98798E+01  4.08747E+02
  4.80980E-01  1.35415E+00  1.19578E+01  6.87702E+01  4.41203E+02
  4.75980E-01  1.33759E+00  1.19629E+01  6.76477E+01  4.76903E+02
  4.70980E-01  1.32081E+00  1.19677E+01  6.65126E+01  5.16159E+02
  4.65980E-01  1.30381E+00  1.19722E+01  6.53655E+01  5.59396E+02
  4.60980E-01  1.28661E+00  1.19763E+01  6.42069E+01  6.07157E+02
  4.55980E-01  1.26920E+00  1.19803E+01  6.30375E+01  6.59761E+02
  4.50980E-01  1.25158E+00  1.19837E+01  6.18579E+01  7.18082E+02
  4.45980E-01  1.23377E+00  1.19869E+01  6.06686E+01  7.82652E+02
  4.40980E-01  1.21576E+00  1.19900E+01  5.94704E+01  8.54386E+02
  4.35980E-01  1.19757E+00  1.19925E+01  5.82640E+01  9.33975E+02
  4.30980E-01  1.17918E+00  1.19949E+01  5.70501E+01  1.02255E+03
  4.25980E-01  1.16062E+00  1.19970E+01  5.58294E+01  1.12148E+03
  4.20980E-01  1.14189E+00  1.19987E+01  5.46029E+01  1.23172E+03
  4.15980E-01  1.12299E+00  1.20002E+01  5.33711E+01  1.35513E+03
  4.10980E-01  1.10394E+00  1.20015E+01  5.21350E+01  1.49356E+03
  4.05980E-01  1.08473E+00  1.20024E+01  5.08955E+01  1.64874E+03
  4.00980E-01  1.06537E+00  1.20032E+01  4.96534E+01  1.82353E+03
  3.95980E-01  1.04588E+00  1.20039E+01  4.84095E+01  2.02006E+03
  3.90980E-01  1.02626E+00  1.20042E+01  4.71649E+01  2.24228E+03
  3.85980E-01  1.00652E+00  1.20043E+01  4.59204E+01  2.49345E+03
  3.80980E-01  9.86670E-01  1.20043E+01  4.46771E+01  2.77819E+03
  3.75980E-01  9.66717E-01  1.20044E+01  4.34358E+01  3.10159E+03
  3.70980E-01  9.46673E-01  1.20043E+01  4.21976E+01  3.46990E+03
  3.65980E-01  9.26548E-01  1.20040E+01  4.09634E+01  3.88942E+03
  3.60980E-01  9.06351E-01  1.20039E+01  3.97343E+01  4.36926E+03
  3.55980E-01  8.86095E-01  1.20038E+01  3.85114E+01  4.91816E+03
  3.50980E-01  8.65790E-01  1.20039E+01  3.72955E+01  5.54903E+03
  3.45980E-01  8.45449E-01  1.20042E+01  3.60879E+01  6.27559E+03
  3.40980E-01  8.25083E-01  1.20044E+01  3.48893E+01  7.11235E+03
  3.35980E-01  8.04705E-01  1.20053E+01  3.37011E+01  8.08064E+03
  3.30980E-01  7.84327E-01  1.20064E+01  3.25241E+01  9.20481E+03
  3.25980E-01  7.63963E-01  1.20080E+01  3.13593E+01  1.05091E+04
  3.20980E-01  7.43625E-01  1.20105E+01  3.02079E+01  1.20295E+04
  3.15980E-01  7.23330E-01  1.20135E+01  2.90707E+01  1.38077E+04
  3.10980E-01  7.03088E-01  1.20176E+01  2.79488E+01  1.58891E+04
  3.05980E-01  6.82917E-01  1.20223E+01  2.68433E+01  1.83406E+04
  3.00980E-01  6.62828E-01  1.20284E+01  2.57549E+01  2.12273E+04
  2.95980E-01  6.42840E-01  1.20359E+01  2.46848E+01  2.46394E+04
  2.90980E-01  6.22962E-01  1.20448E+01  2.36336E+01  2.86872E+04
  2.85980E-01  6.03215E-01  1.20556E+01  2.26024E+01  3.35027E+04
  2.80980E-01  5.83611E-01  1.20684E+01  2.15921E+01  3.92516E+04
  2.75980E-01  5.64169E-01  1.20835E+01  2.06034E+01  4.61360E+04
  2.70980E-01  5.44902E-01  1.21016E+01  1.96372E+01  5.44048E+04
  2.65980E-01  5.25826E-01  1.21223E+01  1.86941E+01  6.43839E+04
  2.60980E-01  5.06956E-01  1.21465E+01  1.77748E+01  7.64610E+04
  2.55980E-01  4.88310E-01  1.21745E+01  1.68800E+01  9.11380E+04
  2.50980E-01  4.69902E-01  1.22073E+01  1.60104E+01  1.09063E+05
  2.45980E-01  4.51749E-01  1.22447E+01  1.51665E+01  1.30937E+05
  2.40980E-01  4.33865E-01  1.22883E+01  1.43487E+01  1.57930E+05
  2.35980E-01  4.16267E-01  1.23385E+01  1.35575E+01  1.91201E+05
  2.30980E-01  3.98970E-01  1.23950E+01  1.27934E+01  2.32491E+05
  2.25980E-01  3.81992E-01  1.24608E+01  1.20567E+01  2.83971E+05
  2.20980E-01  3.65344E-01  1.25365E+01  1.13477E+01  3.48225E+05
  2.15980E-01  3.49043E-01  1.26226E+01  1.06666E+01  4.29162E+05
  2.10980E-01  3.33104E-01  1.27212E+01  1.00136E+01  5.31283E+05
  2.05980E-01  3.17538E-01  1.28345E+01  9.38859E+00  6.60877E+05
  2.00980E-01  3.02363E-01  1.29640E+01  8.79185E+00  8.26258E+05
  1.95980E-01  2.87589E-01  1.31134E+01  8.22332E+00  1.03835E+06
  1.90980E-01  2.73231E-01  1.32842E+01  7.68291E+00  1.31176E+06
  1.85980E-01  2.59301E-01  1.34830E+01  7.17048E+00  1.66583E+06
  1.80980E-01  2.45810E-01  1.37108E+01  6.68583E+00  2.12752E+06
  1.75980E-01  2.32771E-01  1.39757E+01  6.22881E+00  2.73323E+06
  1.70980E-01  2.20194E-01  1.42819E+01  5.79904E+00  3.53069E+06
  1.65980E-01  2.08090E-01  1.46406E+01  5.39638E+00  4.58866E+06
  1.60980E-01  1.96468E-01  1.50627E+01  5.02038E+00  6.00079E+06
  1.55980E-01  1.85339E-01  1.55579E+01  4.67079E+00  7.89689E+06
  1.50980E-01  1.74710E-01  1.61445E+01  4.34715E+00  1.04617E+07
  1.45980E-01  1.64591E-01  1.68462E+01  4.04935E+00  1.39580E+07
  1.40980E-01  1.54991E-01  1.76935E+01  3.77709E+00  1.87500E+07
  1.35980E-01  1.45916E-01  1.87234E+01  3.53020E+00  2.53939E+07
  1.30980E-01  1.37375E-01  1.99926E+01  3.30878E+00  3.47128E+07
  1.25980E-01  1.29378E-01  2.15754E+01  3.11311E+00  4.79569E+07
  1.20980E-01  1.21932E-01  2.35905E+01  2.94421E+00  6.72715E+07
  1.15980E-01  1.15050E-01  2.62060E+01  2.80368E+00  9.66254E+07
  1.10980E-01  1.08743E-01  2.96807E+01  2.69473E+00  1.44303E+08
  1.05980E-01  1.03028E-01  3.44703E+01  2.62388E+00  2.33061E+08
  1.00980E-01  9.79310E-02  4.13368E+01  2.60455E+00  4.40222E+08
  9.59800E-02  9.34859E-02  5.17937E+01  2.66824E+00  1.12482E+09
  9.09800E-02  8.97604E-02  6.90209E+01  2.90411E+00  4.68537E+09
  8.59800E-02  8.69264E-02  1.01233E+02  3.65422E+00  3.88404E+10
  8.09800E-02  8.54601E-02  1.60004E+02  6.13635E+00  5.45118E+11
