  1.18598E+00  2.01696E+00  1.02308E+01  9.48774E+01  6.00346E+00
  1.18098E+00  2.01695E+00  1.02430E+01  9.50438E+01  6.08142E+00
  1.17598E+00  2.01691E+00  1.02553E+01  9.52091E+01  6.16167E+00
  1.17098E+00  2.01685E+00  1.02676E+01  9.53731E+01  6.24338E+00
  1.16598E+00  2.01676E+00  1.02800E+01  9.55358E+01  6.32705E+00
  1.16098E+00  2.01665E+00  1.02924E+01  9.56972E+01  6.41275E+00
  1.15598E+00  2.01650E+00  1.03049E+01  9.58573E+01  6.50019E+00
  1.15098E+00  2.01633E+00  1.03174E+01  9.60159E+01  6.59000E+00
  1.14598E+00  2.01613E+00  1.03300E+01  9.61731E+01  6.68171E+00
  1.14098E+00  2.01590E+00  1.03426E+01  9.63288E+01  6.77600E+00
  1.13598E+00  2.01563E+00  1.03552E+01  9.64829E+01  6.87227E+00
  1.13098E+00  2.01534E+00  1.03679E+01  9.66355E+01  6.97117E+00
  1.12598E+00  2.01502E+00  1.03807E+01  9.67863E+01  7.07251E+00
  1.12098E+00  2.01466E+00  1.03935E+01  9.69355E+01  7.17634E+00
  1.11598E+00  2.01428E+00  1.04064E+01  9.70829E+01  7.28262E+00
  1.11098E+00  2.01385E+00  1.04193E+01  9.72285E+01  7.39139E+00
  1.10598E+00  2.01340E+00  1.04323E+01  9.73723E+01  7.50337E+00
  1.10098E+00  2.01291E+00  1.04453E+01  9.75141E+01  7.61789E+00
  1.09598E+00  2.01239E+00  1.04584E+01  9.76539E+01  7.73541E+00
  1.09098E+00  2.01183E+00  1.04715E+01  9.77917E+01  7.85582E+00
  1.08598E+00  2.01123E+00  1.04846E+01  9.79273E+01  7.97992E+00
  1.08098E+00  2.01060E+00  1.04978E+01  9.80608E+01  8.10682E+00
  1.07598E+00  2.00993E+00  1.05111E+01  9.81921E+01  8.23726E+00
  1.07098E+00  2.00922E+00  1.05244E+01  9.83212E+01  8.37111E+00
  1.06598E+00  2.00847E+00  1.05378E+01  9.84478E+01  8.50819E+00
  1.06098E+00  2.00768E+00  1.05512E+01  9.85720E+01  8.64924E+00
  1.05598E+00  2.00686E+00  1.05647E+01  9.86938E+01  8.79404E+00
  1.05098E+00  2.00599E+00  1.05781E+01  9.88130E+01  8.94296E+00
  1.04598E+00  2.00507E+00  1.05917E+01  9.89296E+01  9.09605E+00
  1.04098E+00  2.00412E+00  1.06052E+01  9.90435E+01  9.25374E+00
  1.03598E+00  2.00312E+00  1.06189E+01  9.91546E+01  9.41512E+00
  1.03098E+00  2.00208E+00  1.06326E+01  9.92629E+01  9.58154E+00
  1.02598E+00  2.00099E+00  1.06463E+01  9.93683E+01  9.75210E+00
  1.02098E+00  1.99986E+00  1.06601E+01  9.94707E+01  9.92826E+00
  1.01598E+00  1.99868E+00  1.06739E+01  9.95700E+01  1.01090E+01
  1.01098E+00  1.99745E+00  1.06878E+01  9.96661E+01  1.02951E+01
  1.00598E+00  1.99618E+00  1.07017E+01  9.97591E+01  1.04862E+01
  1.00098E+00  1.99485E+00  1.07157E+01  9.98488E+01  1.06842E+01
  9.95980E-01  1.99348E+00  1.07297E+01  9.99350E+01  1.08871E+01
  9.90980E-01  1.99205E+00  1.07437E+01  1.00018E+02  1.10963E+01
  9.85980E-01  1.99057E+00  1.07578E+01  1.00097E+02  1.13115E+01
  9.80980E-01  1.98904E+00  1.07720E+01  1.00173E+02  1.15339E+01
  9.75980E-01  1.98745E+00  1.07862E+01  1.00244E+02  1.17627E+01
  9.70980E-01  1.98581E+00  1.08004E+01  1.00312E+02  1.19983E+01
  9.65980E-01  1.98412E+00  1.08147E+01  1.00377E+02  1.22411E+01
  9.60980E-01  1.98236E+00  1.08290E+01  1.00437E+02  1.24932E+01
  9.55980E-01  1.98055E+00  1.08433E+01  1.00493E+02  1.27515E+01
  9.50980E-01  1.97868E+00  1.08577E+01  1.00544E+02  1.30188E+01
  9.45980E-01  1.97675E+00  1.08722E+01  1.00592E+02  1.32943E+01
  9.40980E-01  1.97476E+00  1.08866E+01  1.00635E+02  1.35787E+01
  9.35980E-01  1.97271E+00  1.09012E+01  1.00674E+02  1.38725E+01
  9.30980E-01  1.97059E+00  1.09157E+01  1.00708E+02  1.41762E+01
  9.25980E-01  1.96841E+00  1.09303E+01  1.00737E+02  1.44895E+01
  9.20980E-01  1.96616E+00  1.09449E+01  1.00761E+02  1.48144E+01
  9.15980E-01  1.96385E+00  1.09595E+01  1.00781E+02  1.51496E+01
  9.10980E-01  1.96147E+00  1.09742E+01  1.00795E+02  1.54958E+01
  9.05980E-01  1.95902E+00  1.09889E+01  1.00804E+02  1.58545E+01
  9.00980E-01  1.95650E+00  1.10038E+01  1.00809E+02  1.62247E+01
  8.95980E-01  1.95391E+00  1.10186E+01  1.00807E+02  1.66085E+01
  8.90980E-01  1.95125E+00  1.10334E+01  1.00800E+02  1.70058E+01
  8.85980E-01  1.94851E+00  1.10482E+01  1.00788E+02  1.74180E+01
  8.80980E-01  1.94570E+00  1.10631E+01  1.00770E+02  1.78444E+01
  8.75980E-01  1.94281E+00  1.10780E+01  1.00746E+02  1.82855E+01
  8.70980E-01  1.93984E+00  1.10930E+01  1.00716E+02  1.87435E+01
  8.65980E-01  1.93680E+00  1.11080E+01  1.00680E+02  1.92173E+01
  8.60980E-01  1.93367E+00  1.11230E+01  1.00638E+02  1.97094E+01
  8.55980E-01  1.93047E+00  1.11381E+01  1.00589E+02  2.02201E+01
  8.50980E-01  1.92718E+00  1.11531E+01  1.00534E+02  2.07509E+01
  8.45980E-01  1.92380E+00  1.11682E+01  1.00472E+02  2.13010E+01
  8.40980E-01  1.92034E+00  1.11833E+01  1.00404E+02  2.18715E+01
  8.35980E-01  1.91680E+00  1.11984E+01  1.00328E+02  2.24660E+01
  8.30980E-01  1.91316E+00  1.12136E+01  1.00246E+02  2.30817E+01
  8.25980E-01  1.90943E+00  1.12287E+01  1.00157E+02  2.37227E+01
  8.20980E-01  1.90562E+00  1.12439E+01  1.00060E+02  2.43908E+01
  8.15980E-01  1.90171E+00  1.12591E+01  9.99556E+01  2.50839E+01
  8.10980E-01  1.89770E+00  1.12743E+01  9.98438E+01  2.58062E+01
  8.05980E-01  1.89360E+00  1.12895E+01  9.97245E+01  2.65564E+01
  8.00980E-01  1.88940E+00  1.13048E+01  9.95971E+01  2.73398E+01
  7.95980E-01  1.88511E+00  1.13200E+01  9.94619E+01  2.81541E+01
  7.90980E-01  1.88071E+00  1.13353E+01  9.93185E+01  2.90037E+01
  7.85980E-01  1.87621E+00  1.13505E+01  9.91669E+01  2.98912E+01
  7.80980E-01  1.87160E+00  1.13658E+01  9.90067E+01  3.08150E+01
  7.75980E-01  1.86689E+00  1.13811E+01  9.88381E+01  3.17793E+01
  7.70980E-01  1.86207E+00  1.13964E+01  9.86607E+01  3.27863E+01
  7.65980E-01  1.85715E+00  1.14117E+01  9.84744E+01  3.38370E+01
  7.60980E-01  1.85211E+00  1.14269E+01  9.82791E+01  3.49349E+01
  7.55980E-01  1.84696E+00  1.14422E+01  9.80746E+01  3.60849E+01
  7.50980E-01  1.84170E+00  1.14574E+01  9.78608E+01  3.72850E+01
  7.45980E-01  1.83632E+00  1.14727E+01  9.76375E+01  3.85408E+01
  7.40980E-01  1.83082E+00  1.14880E+01  9.74047E+01  3.98555E+01
  7.35980E-01  1.82521E+00  1.15032E+01  9.71620E+01  4.12304E+01
  7.30980E-01  1.81947E+00  1.15184E+01  9.69093E+01  4.26722E+01
  7.25980E-01  1.81361E+00  1.15336E+01  9.66466E+01  4.41862E+01
  7.20980E-01  1.80763E+00  1.15488E+01  9.63737E+01  4.57709E+01
  7.15980E-01  1.80152E+00  1.15639E+01  9.60903E+01  4.74325E+01
  7.10980E-01  1.79528E+00  1.15791E+01  9.57964E+01  4.91755E+01
  7.05980E-01  1.78891E+00  1.15942E+01  9.54918E+01  5.10091E+01
  7.00980E-01  1.78241E+00  1.16093E+01  9.51762E+01  5.29371E+01
  6.95980E-01  1.77578E+00  1.16244E+01  9.48498E+01  5.49611E+01
  6.90980E-01  1.76901E+00  1.16394E+01  9.45122E+01  5.70866E+01
  6.85980E-01  1.76210E+00  1.16544E+01  9.41632E+01  5.93267E+01
  6.80980E-01  1.75506E+00  1.16694E+01  9.38029E+01  6.16864E+01
  6.75980E-01  1.74787E+00  1.16843E+01  9.34310E+01  6.41677E+01
  6.70980E-01  1.74054E+00  1.16991E+01  9.30472E+01  6.67899E+01
  6.65980E-01  1.73307E+00  1.17139E+01  9.26516E+01  6.95554E+01
  6.60980E-01  1.72545E+00  1.17286E+01  9.22440E+01  7.24689E+01
  6.55980E-01  1.71768E+00  1.17434E+01  9.18243E+01  7.55434E+01
  6.50980E-01  1.70977E+00  1.17580E+01  9.13923E+01  7.87929E+01
  6.45980E-01  1.70170E+00  1.17726E+01  9.09478E+01  8.22359E+01
  6.40980E-01  1.69347E+00  1.17871E+01  9.04907E+01  8.58735E+01
  6.35980E-01  1.68510E+00  1.18015E+01  9.00212E+01  8.97209E+01
  6.30980E-01  1.67656E+00  1.18160E+01  8.95387E+01  9.37949E+01
  6.25980E-01  1.66787E+00  1.18303E+01  8.90434E+01  9.81127E+01
  6.20980E-01  1.65901E+00  1.18445E+01  8.85349E+01  1.02700E+02
  6.15980E-01  1.64999E+00  1.18586E+01  8.80132E+01  1.07569E+02
  6.10980E-01  1.64081E+00  1.18727E+01  8.74786E+01  1.12729E+02
  6.05980E-01  1.63147E+00  1.18868E+01  8.69305E+01  1.18217E+02
  6.00980E-01  1.62195E+00  1.19006E+01  8.63689E+01  1.24056E+02
  5.95980E-01  1.61226E+00  1.19144E+01  8.57938E+01  1.30277E+02
  5.90980E-01  1.60241E+00  1.19282E+01  8.52052E+01  1.36886E+02
  5.85980E-01  1.59238E+00  1.19418E+01  8.46029E+01  1.43945E+02
  5.80980E-01  1.58218E+00  1.19552E+01  8.39869E+01  1.51461E+02
  5.75980E-01  1.57181E+00  1.19686E+01  8.33571E+01  1.59505E+02
  5.70980E-01  1.56125E+00  1.19818E+01  8.27134E+01  1.68089E+02
  5.65980E-01  1.55053E+00  1.19950E+01  8.20560E+01  1.77263E+02
  5.60980E-01  1.53962E+00  1.20081E+01  8.13844E+01  1.87071E+02
  5.55980E-01  1.52853E+00  1.20209E+01  8.06990E+01  1.97604E+02
  5.50980E-01  1.51725E+00  1.20337E+01  7.99997E+01  2.08878E+02
  5.45980E-01  1.50580E+00  1.20463E+01  7.92863E+01  2.20971E+02
  5.40980E-01  1.49416E+00  1.20589E+01  7.85591E+01  2.33957E+02
  5.35980E-01  1.48234E+00  1.20713E+01  7.78179E+01  2.47905E+02
  5.30980E-01  1.47033E+00  1.20835E+01  7.70628E+01  2.62956E+02
  5.25980E-01  1.45814E+00  1.20955E+01  7.62938E+01  2.79110E+02
  5.20980E-01  1.44575E+00  1.21075E+01  7.55110E+01  2.96539E+02
  5.15980E-01  1.43318E+00  1.21192E+01  7.47145E+01  3.15340E+02
  5.10980E-01  1.42043E+00  1.21308E+01  7.39043E+01  3.35694E+02
  5.05980E-01  1.40748E+00  1.21423E+01  7.30805E+01  3.57625E+02
  5.00980E-01  1.39435E+00  1.21536E+01  7.22433E+01  3.81406E+02
  4.95980E-01  1.38102E+00  1.21646E+01  7.13928E+01  4.07181E+02
  4.90980E-01  1.36751E+00  1.21756E+01  7.05290E+01  4.35108E+02
  4.85980E-01  1.35381E+00  1.21863E+01  6.96522E+01  4.65431E+02
  4.80980E-01  1.33992E+00  1.21970E+01  6.87626E+01  4.98351E+02
  4.75980E-01  1.32584E+00  1.22073E+01  6.78602E+01  5.34269E+02
  4.70980E-01  1.31157E+00  1.22176E+01  6.69454E+01  5.73381E+02
  4.65980E-01  1.29712E+00  1.22277E+01  6.60184E+01  6.15990E+02
  4.60980E-01  1.28248E+00  1.22376E+01  6.50793E+01  6.62473E+02
  4.55980E-01  1.26765E+00  1.22473E+01  6.41286E+01  7.13492E+02
  4.50980E-01  1.25265E+00  1.22568E+01  6.31663E+01  7.69263E+02
  4.45980E-01  1.23746E+00  1.22663E+01  6.21929E+01  8.30349E+02
  4.40980E-01  1.22208E+00  1.22753E+01  6.12087E+01  8.97564E+02
  4.35980E-01  1.20653E+00  1.22844E+01  6.02140E+01  9.71307E+02
  4.30980E-01  1.19081E+00  1.22934E+01  5.92093E+01  1.05252E+03
  4.25980E-01  1.17491E+00  1.23019E+01  5.81947E+01  1.14225E+03
  4.20980E-01  1.15883E+00  1.23105E+01  5.71709E+01  1.24116E+03
  4.15980E-01  1.14259E+00  1.23189E+01  5.61383E+01  1.35052E+03
  4.10980E-01  1.12619E+00  1.23271E+01  5.50971E+01  1.47157E+03
  4.05980E-01  1.10962E+00  1.23351E+01  5.40481E+01  1.60609E+03
  4.00980E-01  1.09289E+00  1.23431E+01  5.29915E+01  1.75541E+03
  3.95980E-01  1.07600E+00  1.23510E+01  5.19281E+01  1.92148E+03
  3.90980E-01  1.05896E+00  1.23587E+01  5.08583E+01  2.10691E+03
  3.85980E-01  1.04178E+00  1.23663E+01  4.97827E+01  2.31382E+03
  3.80980E-01  1.02446E+00  1.23740E+01  4.87019E+01  2.54504E+03
  3.75980E-01  1.00699E+00  1.23815E+01  4.76165E+01  2.80482E+03
  3.70980E-01  9.89400E-01  1.23891E+01  4.65271E+01  3.09578E+03
  3.65980E-01  9.71680E-01  1.23965E+01  4.54345E+01  3.42386E+03
  3.60980E-01  9.53839E-01  1.24040E+01  4.43392E+01  3.79298E+03
  3.55980E-01  9.35886E-01  1.24117E+01  4.32421E+01  4.21023E+03
  3.50980E-01  9.17824E-01  1.24193E+01  4.21437E+01  4.68270E+03
  3.45980E-01  8.99663E-01  1.24270E+01  4.10449E+01  5.21837E+03
  3.40980E-01  8.81409E-01  1.24352E+01  3.99465E+01  5.82621E+03
  3.35980E-01  8.63071E-01  1.24435E+01  3.88492E+01  6.52111E+03
  3.30980E-01  8.44654E-01  1.24522E+01  3.77538E+01  7.31244E+03
  3.25980E-01  8.26171E-01  1.24608E+01  3.66612E+01  8.21981E+03
  3.20980E-01  8.07626E-01  1.24699E+01  3.55721E+01  9.25988E+03
  3.15980E-01  7.89033E-01  1.24801E+01  3.44875E+01  1.04548E+04
  3.10980E-01  7.70400E-01  1.24903E+01  3.34083E+01  1.18353E+04
  3.05980E-01  7.51735E-01  1.25016E+01  3.23352E+01  1.34287E+04
  3.00980E-01  7.33049E-01  1.25133E+01  3.12691E+01  1.52803E+04
  2.95980E-01  7.14355E-01  1.25263E+01  3.02111E+01  1.74279E+04
  2.90980E-01  6.95664E-01  1.25399E+01  2.91620E+01  1.99358E+04
  2.85980E-01  6.76985E-01  1.25550E+01  2.81226E+01  2.28655E+04
  2.80980E-01  6.58330E-01  1.25712E+01  2.70939E+01  2.63042E+04
  2.75980E-01  6.39715E-01  1.25892E+01  2.60769E+01  3.03435E+04
  2.70980E-01  6.21147E-01  1.26087E+01  2.50722E+01  3.51217E+04
  2.65980E-01  6.02646E-01  1.26306E+01  2.40812E+01  4.07694E+04
  2.60980E-01  5.84221E-01  1.26544E+01  2.31046E+01  4.74919E+04
  2.55980E-01  5.65884E-01  1.26811E+01  2.21430E+01  5.54931E+04
  2.50980E-01  5.47654E-01  1.27104E+01  2.11976E+01  6.50826E+04
  2.45980E-01  5.29539E-01  1.27434E+01  2.02691E+01  7.65874E+04
  2.40980E-01  5.11559E-01  1.27795E+01  1.93586E+01  9.04933E+04
  2.35980E-01  4.93727E-01  1.28203E+01  1.84666E+01  1.07274E+05
  2.30980E-01  4.76058E-01  1.28653E+01  1.75942E+01  1.27752E+05
  2.25980E-01  4.58568E-01  1.29163E+01  1.67420E+01  1.52660E+05
  2.20980E-01  4.41272E-01  1.29729E+01  1.59108E+01  1.83245E+05
  2.15980E-01  4.24187E-01  1.30366E+01  1.51014E+01  2.20975E+05
  2.10980E-01  4.07328E-01  1.31082E+01  1.43144E+01  2.67643E+05
  2.05980E-01  3.90710E-01  1.31887E+01  1.35504E+01  3.25578E+05
  2.00980E-01  3.74350E-01  1.32797E+01  1.28101E+01  3.98208E+05
  1.95980E-01  3.58264E-01  1.33827E+01  1.20940E+01  4.89069E+05
  1.90980E-01  3.42469E-01  1.34979E+01  1.14027E+01  6.04199E+05
  1.85980E-01  3.26980E-01  1.36299E+01  1.07365E+01  7.50301E+05
  1.80980E-01  3.11814E-01  1.37802E+01  1.00961E+01  9.36608E+05
  1.75980E-01  2.96987E-01  1.39505E+01  9.48159E+00  1.17626E+06
  1.70980E-01  2.82514E-01  1.41446E+01  8.89340E+00  1.48558E+06
  1.65980E-01  2.68411E-01  1.43686E+01  8.33179E+00  1.88840E+06
  1.60980E-01  2.54695E-01  1.46252E+01  7.79709E+00  2.41536E+06
  1.55980E-01  2.41380E-01  1.49232E+01  7.28935E+00  3.10833E+06
  1.50980E-01  2.28481E-01  1.52678E+01  6.80873E+00  4.02851E+06
  1.45980E-01  2.16014E-01  1.56706E+01  6.35543E+00  5.25975E+06
  1.40980E-01  2.03992E-01  1.61412E+01  5.92931E+00  6.91509E+06
  1.35980E-01  1.92431E-01  1.66975E+01  5.53068E+00  9.15721E+06
  1.30980E-01  1.81345E-01  1.73600E+01  5.15947E+00  1.22250E+07
  1.25980E-01  1.70747E-01  1.81565E+01  4.81588E+00  1.64559E+07
  1.20980E-01  1.60654E-01  1.91240E+01  4.50017E+00  2.23548E+07
  1.15980E-01  1.51076E-01  2.03116E+01  4.21249E+00  3.06437E+07
  1.10980E-01  1.42029E-01  2.17889E+01  3.95353E+00  4.24809E+07
  1.05980E-01  1.33530E-01  2.36649E+01  3.72448E+00  5.97128E+07
  1.00980E-01  1.25595E-01  2.60990E+01  3.52712E+00  8.55912E+07
  9.59800E-02  1.18243E-01  2.93352E+01  3.36471E+00  1.26284E+08
  9.09800E-02  1.11498E-01  3.37998E+01  3.24376E+00  1.97598E+08
  8.59800E-02  1.05390E-01  4.01968E+01  3.17632E+00  3.48548E+08
  8.09800E-02  9.99668E-02  4.99899E+01  3.19301E+00  7.96609E+08
