  1.01098E+00  2.09414E+00  1.11608E+01  1.14420E+02  1.01065E+01
  1.00598E+00  2.09412E+00  1.11728E+01  1.14621E+02  1.02230E+01
  1.00098E+00  2.09406E+00  1.11848E+01  1.14821E+02  1.03430E+01
  9.95980E-01  2.09397E+00  1.11969E+01  1.15020E+02  1.04660E+01
  9.90980E-01  2.09385E+00  1.12091E+01  1.15216E+02  1.05912E+01
  9.85980E-01  2.09370E+00  1.12213E+01  1.15411E+02  1.07203E+01
  9.80980E-01  2.09351E+00  1.12335E+01  1.15603E+02  1.08523E+01
  9.75980E-01  2.09329E+00  1.12459E+01  1.15794E+02  1.09881E+01
  9.70980E-01  2.09304E+00  1.12582E+01  1.15983E+02  1.11272E+01
  9.65980E-01  2.09274E+00  1.12706E+01  1.16169E+02  1.12694E+01
  9.60980E-01  2.09241E+00  1.12831E+01  1.16353E+02  1.14162E+01
  9.55980E-01  2.09205E+00  1.12956E+01  1.16535E+02  1.15659E+01
  9.50980E-01  2.09164E+00  1.13082E+01  1.16715E+02  1.17208E+01
  9.45980E-01  2.09119E+00  1.13209E+01  1.16892E+02  1.18788E+01
  9.40980E-01  2.09071E+00  1.13336E+01  1.17066E+02  1.20413E+01
  9.35980E-01  2.09017E+00  1.13463E+01  1.17237E+02  1.22083E+01
  9.30980E-01  2.08960E+00  1.13592E+01  1.17406E+02  1.23795E+01
  9.25980E-01  2.08899E+00  1.13720E+01  1.17572E+02  1.25566E+01
  9.20980E-01  2.08832E+00  1.13849E+01  1.17735E+02  1.27383E+01
  9.15980E-01  2.08762E+00  1.13979E+01  1.17895E+02  1.29249E+01
  9.10980E-01  2.08686E+00  1.14109E+01  1.18051E+02  1.31166E+01
  9.05980E-01  2.08606E+00  1.14240E+01  1.18204E+02  1.33141E+01
  9.00980E-01  2.08520E+00  1.14372E+01  1.18353E+02  1.35179E+01
  8.95980E-01  2.08430E+00  1.14503E+01  1.18499E+02  1.37262E+01
  8.90980E-01  2.08334E+00  1.14636E+01  1.18641E+02  1.39418E+01
  8.85980E-01  2.08233E+00  1.14769E+01  1.18779E+02  1.41631E+01
  8.80980E-01  2.08127E+00  1.14902E+01  1.18914E+02  1.43928E+01
  8.75980E-01  2.08014E+00  1.15036E+01  1.19043E+02  1.46286E+01
  8.70980E-01  2.07897E+00  1.15171E+01  1.19169E+02  1.48713E+01
  8.65980E-01  2.07773E+00  1.15306E+01  1.19290E+02  1.51217E+01
  8.60980E-01  2.07643E+00  1.15442E+01  1.19407E+02  1.53807E+01
  8.55980E-01  2.07507E+00  1.15578E+01  1.19519E+02  1.56468E+01
  8.50980E-01  2.07364E+00  1.15715E+01  1.19626E+02  1.59221E+01
  8.45980E-01  2.07215E+00  1.15853E+01  1.19727E+02  1.62061E+01
  8.40980E-01  2.07059E+00  1.15990E+01  1.19824E+02  1.65001E+01
  8.35980E-01  2.06897E+00  1.16128E+01  1.19915E+02  1.68034E+01
  8.30980E-01  2.06727E+00  1.16267E+01  1.20001E+02  1.71174E+01
  8.25980E-01  2.06550E+00  1.16407E+01  1.20080E+02  1.74413E+01
  8.20980E-01  2.06366E+00  1.16547E+01  1.20154E+02  1.77768E+01
  8.15980E-01  2.06174E+00  1.16687E+01  1.20221E+02  1.81236E+01
  8.10980E-01  2.05975E+00  1.16828E+01  1.20283E+02  1.84829E+01
  8.05980E-01  2.05767E+00  1.16969E+01  1.20337E+02  1.88545E+01
  8.00980E-01  2.05551E+00  1.17111E+01  1.20385E+02  1.92403E+01
  7.95980E-01  2.05327E+00  1.17253E+01  1.20426E+02  1.96393E+01
  7.90980E-01  2.05094E+00  1.17396E+01  1.20459E+02  2.00538E+01
  7.85980E-01  2.04853E+00  1.17539E+01  1.20485E+02  2.04825E+01
  7.80980E-01  2.04602E+00  1.17683E+01  1.20504E+02  2.09295E+01
  7.75980E-01  2.04342E+00  1.17827E+01  1.20514E+02  2.13904E+01
  7.70980E-01  2.04073E+00  1.17971E+01  1.20516E+02  2.18709E+01
  7.65980E-01  2.03794E+00  1.18116E+01  1.20510E+02  2.23696E+01
  7.60980E-01  2.03505E+00  1.18261E+01  1.20495E+02  2.28894E+01
  7.55980E-01  2.03205E+00  1.18407E+01  1.20471E+02  2.34287E+01
  7.50980E-01  2.02895E+00  1.18553E+01  1.20438E+02  2.39893E+01
  7.45980E-01  2.02574E+00  1.18699E+01  1.20395E+02  2.45742E+01
  7.40980E-01  2.02242E+00  1.18846E+01  1.20343E+02  2.51810E+01
  7.35980E-01  2.01899E+00  1.18993E+01  1.20281E+02  2.58143E+01
  7.30980E-01  2.01545E+00  1.19140E+01  1.20208E+02  2.64749E+01
  7.25980E-01  2.01178E+00  1.19288E+01  1.20124E+02  2.71641E+01
  7.20980E-01  2.00799E+00  1.19436E+01  1.20030E+02  2.78832E+01
  7.15980E-01  2.00407E+00  1.19584E+01  1.19924E+02  2.86323E+01
  7.10980E-01  2.00003E+00  1.19732E+01  1.19806E+02  2.94178E+01
  7.05980E-01  1.99585E+00  1.19881E+01  1.19677E+02  3.02348E+01
  7.00980E-01  1.99154E+00  1.20029E+01  1.19535E+02  3.10913E+01
  6.95980E-01  1.98709E+00  1.20178E+01  1.19380E+02  3.19888E+01
  6.90980E-01  1.98250E+00  1.20327E+01  1.19213E+02  3.29256E+01
  6.85980E-01  1.97776E+00  1.20476E+01  1.19032E+02  3.39093E+01
  6.80980E-01  1.97288E+00  1.20625E+01  1.18837E+02  3.49413E+01
  6.75980E-01  1.96784E+00  1.20774E+01  1.18629E+02  3.60185E+01
  6.70980E-01  1.96264E+00  1.20924E+01  1.18405E+02  3.71527E+01
  6.65980E-01  1.95729E+00  1.21073E+01  1.18167E+02  3.83443E+01
  6.60980E-01  1.95177E+00  1.21222E+01  1.17913E+02  3.95939E+01
  6.55980E-01  1.94608E+00  1.21371E+01  1.17644E+02  4.09108E+01
  6.50980E-01  1.94022E+00  1.21520E+01  1.17359E+02  4.22972E+01
  6.45980E-01  1.93418E+00  1.21668E+01  1.17057E+02  4.37520E+01
  6.40980E-01  1.92796E+00  1.21817E+01  1.16739E+02  4.52862E+01
  6.35980E-01  1.92156E+00  1.21965E+01  1.16403E+02  4.69085E+01
  6.30980E-01  1.91496E+00  1.22113E+01  1.16049E+02  4.86170E+01
  6.25980E-01  1.90818E+00  1.22260E+01  1.15677E+02  5.04207E+01
  6.20980E-01  1.90119E+00  1.22407E+01  1.15286E+02  5.23280E+01
  6.15980E-01  1.89401E+00  1.22554E+01  1.14877E+02  5.43426E+01
  6.10980E-01  1.88661E+00  1.22700E+01  1.14448E+02  5.64786E+01
  6.05980E-01  1.87901E+00  1.22845E+01  1.13999E+02  5.87379E+01
  6.00980E-01  1.87118E+00  1.22990E+01  1.13529E+02  6.11347E+01
  5.95980E-01  1.86314E+00  1.23134E+01  1.13039E+02  6.36798E+01
  5.90980E-01  1.85487E+00  1.23277E+01  1.12528E+02  6.63794E+01
  5.85980E-01  1.84637E+00  1.23420E+01  1.11995E+02  6.92523E+01
  5.80980E-01  1.83763E+00  1.23561E+01  1.11440E+02  7.23040E+01
  5.75980E-01  1.82865E+00  1.23701E+01  1.10862E+02  7.55536E+01
  5.70980E-01  1.81943E+00  1.23840E+01  1.10261E+02  7.90258E+01
  5.65980E-01  1.80996E+00  1.23979E+01  1.09638E+02  8.27192E+01
  5.60980E-01  1.80023E+00  1.24115E+01  1.08990E+02  8.66709E+01
  5.55980E-01  1.79025E+00  1.24251E+01  1.08318E+02  9.08908E+01
  5.50980E-01  1.77999E+00  1.24386E+01  1.07622E+02  9.54118E+01
  5.45980E-01  1.76947E+00  1.24518E+01  1.06901E+02  1.00241E+02
  5.40980E-01  1.75868E+00  1.24650E+01  1.06154E+02  1.05425E+02
  5.35980E-01  1.74760E+00  1.24779E+01  1.05382E+02  1.10989E+02
  5.30980E-01  1.73625E+00  1.24907E+01  1.04584E+02  1.16963E+02
  5.25980E-01  1.72460E+00  1.25033E+01  1.03760E+02  1.23400E+02
  5.20980E-01  1.71267E+00  1.25157E+01  1.02910E+02  1.30325E+02
  5.15980E-01  1.70043E+00  1.25278E+01  1.02032E+02  1.37795E+02
  5.10980E-01  1.68790E+00  1.25397E+01  1.01128E+02  1.45860E+02
  5.05980E-01  1.67506E+00  1.25515E+01  1.00196E+02  1.54573E+02
  5.00980E-01  1.66191E+00  1.25630E+01  9.92369E+01  1.63993E+02
  4.95980E-01  1.64845E+00  1.25742E+01  9.82503E+01  1.74216E+02
  4.90980E-01  1.63467E+00  1.25852E+01  9.72359E+01  1.85286E+02
  4.85980E-01  1.62057E+00  1.25959E+01  9.61939E+01  1.97325E+02
  4.80980E-01  1.60615E+00  1.26063E+01  9.51240E+01  2.10399E+02
  4.75980E-01  1.59140E+00  1.26164E+01  9.40263E+01  2.24675E+02
  4.70980E-01  1.57633E+00  1.26262E+01  9.29007E+01  2.40244E+02
  4.65980E-01  1.56092E+00  1.26357E+01  9.17476E+01  2.57230E+02
  4.60980E-01  1.54519E+00  1.26447E+01  9.05669E+01  2.75830E+02
  4.55980E-01  1.52912E+00  1.26535E+01  8.93588E+01  2.96182E+02
  4.50980E-01  1.51271E+00  1.26621E+01  8.81235E+01  3.18539E+02
  4.45980E-01  1.49596E+00  1.26702E+01  8.68614E+01  3.43055E+02
  4.40980E-01  1.47888E+00  1.26778E+01  8.55727E+01  3.70130E+02
  4.35980E-01  1.46146E+00  1.26851E+01  8.42580E+01  3.99983E+02
  4.30980E-01  1.44371E+00  1.26921E+01  8.29176E+01  4.32869E+02
  4.25980E-01  1.42562E+00  1.26985E+01  8.15520E+01  4.69312E+02
  4.20980E-01  1.40719E+00  1.27047E+01  8.01619E+01  5.09706E+02
  4.15980E-01  1.38843E+00  1.27103E+01  7.87478E+01  5.54539E+02
  4.10980E-01  1.36934E+00  1.27155E+01  7.73106E+01  6.04429E+02
  4.05980E-01  1.34993E+00  1.27204E+01  7.58510E+01  6.60024E+02
  4.00980E-01  1.33019E+00  1.27247E+01  7.43699E+01  7.22097E+02
  3.95980E-01  1.31013E+00  1.27286E+01  7.28683E+01  7.91554E+02
  3.90980E-01  1.28975E+00  1.27322E+01  7.13470E+01  8.69452E+02
  3.85980E-01  1.26907E+00  1.27352E+01  6.98072E+01  9.56916E+02
  3.80980E-01  1.24809E+00  1.27377E+01  6.82502E+01  1.05544E+03
  3.75980E-01  1.22681E+00  1.27399E+01  6.66769E+01  1.16677E+03
  3.70980E-01  1.20524E+00  1.27417E+01  6.50888E+01  1.29219E+03
  3.65980E-01  1.18340E+00  1.27428E+01  6.34873E+01  1.43498E+03
  3.60980E-01  1.16128E+00  1.27438E+01  6.18737E+01  1.59679E+03
  3.55980E-01  1.13891E+00  1.27442E+01  6.02495E+01  1.78139E+03
  3.50980E-01  1.11629E+00  1.27444E+01  5.86165E+01  1.99194E+03
  3.45980E-01  1.09343E+00  1.27442E+01  5.69759E+01  2.23291E+03
  3.40980E-01  1.07035E+00  1.27436E+01  5.53300E+01  2.50976E+03
  3.35980E-01  1.04707E+00  1.27427E+01  5.36800E+01  2.82793E+03
  3.30980E-01  1.02358E+00  1.27416E+01  5.20279E+01  3.19557E+03
  3.25980E-01  9.99924E-01  1.27403E+01  5.03758E+01  3.62110E+03
  3.20980E-01  9.76099E-01  1.27390E+01  4.87252E+01  4.11393E+03
  3.15980E-01  9.52130E-01  1.27374E+01  4.70783E+01  4.68801E+03
  3.10980E-01  9.28034E-01  1.27359E+01  4.54370E+01  5.35883E+03
  3.05980E-01  9.03830E-01  1.27343E+01  4.38035E+01  6.14433E+03
  3.00980E-01  8.79537E-01  1.27331E+01  4.21795E+01  7.06707E+03
  2.95980E-01  8.55176E-01  1.27319E+01  4.05673E+01  8.15589E+03
  2.90980E-01  8.30769E-01  1.27314E+01  3.89688E+01  9.44249E+03
  2.85980E-01  8.06338E-01  1.27315E+01  3.73863E+01  1.09708E+04
  2.80980E-01  7.81907E-01  1.27321E+01  3.58217E+01  1.27902E+04
  2.75980E-01  7.57499E-01  1.27336E+01  3.42770E+01  1.49677E+04
  2.70980E-01  7.33135E-01  1.27365E+01  3.27541E+01  1.75786E+04
  2.65980E-01  7.08846E-01  1.27403E+01  3.12555E+01  2.07287E+04
  2.60980E-01  6.84656E-01  1.27462E+01  2.97828E+01  2.45311E+04
  2.55980E-01  6.60587E-01  1.27536E+01  2.83377E+01  2.91667E+04
  2.50980E-01  6.36669E-01  1.27633E+01  2.69223E+01  3.48183E+04
  2.45980E-01  6.12926E-01  1.27759E+01  2.55382E+01  4.17325E+04
  2.40980E-01  5.89390E-01  1.27916E+01  2.41874E+01  5.02526E+04
  2.35980E-01  5.66087E-01  1.28109E+01  2.28713E+01  6.07878E+04
  2.30980E-01  5.43041E-01  1.28344E+01  2.15915E+01  7.39023E+04
  2.25980E-01  5.20286E-01  1.28627E+01  2.03495E+01  9.02535E+04
  2.20980E-01  4.97848E-01  1.28971E+01  1.91465E+01  1.10783E+05
  2.15980E-01  4.75754E-01  1.29380E+01  1.79838E+01  1.36684E+05
  2.10980E-01  4.54030E-01  1.29862E+01  1.68624E+01  1.69600E+05
  2.05980E-01  4.32706E-01  1.30440E+01  1.57833E+01  2.11516E+05
  2.00980E-01  4.11806E-01  1.31116E+01  1.47472E+01  2.65375E+05
  1.95980E-01  3.91360E-01  1.31916E+01  1.37549E+01  3.34831E+05
  1.90980E-01  3.71390E-01  1.32857E+01  1.28068E+01  4.25084E+05
  1.85980E-01  3.51924E-01  1.33959E+01  1.19034E+01  5.42961E+05
  1.80980E-01  3.32985E-01  1.35257E+01  1.10449E+01  6.98199E+05
  1.75980E-01  3.14596E-01  1.36781E+01  1.02314E+01  9.03317E+05
  1.70980E-01  2.96780E-01  1.38573E+01  9.46277E+00  1.17677E+06
  1.65980E-01  2.79559E-01  1.40682E+01  8.73893E+00  1.54396E+06
  1.60980E-01  2.62953E-01  1.43182E+01  8.05965E+00  2.03956E+06
  1.55980E-01  2.46979E-01  1.46137E+01  7.42429E+00  2.71420E+06
  1.50980E-01  2.31656E-01  1.49638E+01  6.83233E+00  3.63923E+06
  1.45980E-01  2.17000E-01  1.53828E+01  6.28324E+00  4.91827E+06
  1.40980E-01  2.03028E-01  1.58855E+01  5.77635E+00  6.69901E+06
  1.35980E-01  1.89751E-01  1.64930E+01  5.31078E+00  9.19802E+06
  1.30980E-01  1.77183E-01  1.72348E+01  4.88586E+00  1.27361E+07
  1.25980E-01  1.65336E-01  1.81459E+01  4.50087E+00  1.77967E+07
  1.20980E-01  1.54219E-01  1.92780E+01  4.15514E+00  2.50970E+07
  1.15980E-01  1.43842E-01  2.07108E+01  3.84843E+00  3.57605E+07
  1.10980E-01  1.34217E-01  2.25551E+01  3.58105E+00  5.16516E+07
  1.05980E-01  1.25352E-01  2.49752E+01  3.35372E+00  7.59156E+07
  1.00980E-01  1.17260E-01  2.82344E+01  3.16892E+00  1.15132E+08
  9.59800E-02  1.09958E-01  3.28005E+01  3.03272E+00  1.85279E+08
  9.09800E-02  1.03469E-01  3.94825E+01  2.95770E+00  3.40336E+08
  8.59800E-02  9.78290E-02  4.98930E+01  2.97595E+00  8.40114E+08
  8.09800E-02  9.31515E-02  6.76619E+01  3.18630E+00  3.61139E+09
