  1.08098E+00  2.09878E+00  1.03416E+01  1.05065E+02  5.18575E+00
  1.07598E+00  2.09811E+00  1.03556E+01  1.05208E+02  5.27854E+00
  1.07098E+00  2.09740E+00  1.03697E+01  1.05349E+02  5.37395E+00
  1.06598E+00  2.09664E+00  1.03837E+01  1.05486E+02  5.47225E+00
  1.06098E+00  2.09583E+00  1.03978E+01  1.05620E+02  5.57342E+00
  1.05598E+00  2.09497E+00  1.04120E+01  1.05751E+02  5.67747E+00
  1.05098E+00  2.09407E+00  1.04262E+01  1.05878E+02  5.78477E+00
  1.04598E+00  2.09311E+00  1.04404E+01  1.06001E+02  5.89516E+00
  1.04098E+00  2.09210E+00  1.04547E+01  1.06121E+02  6.00934E+00
  1.03598E+00  2.09104E+00  1.04691E+01  1.06238E+02  6.12619E+00
  1.03098E+00  2.08992E+00  1.04834E+01  1.06351E+02  6.24715E+00
  1.02598E+00  2.08875E+00  1.04978E+01  1.06459E+02  6.37139E+00
  1.02098E+00  2.08752E+00  1.05123E+01  1.06564E+02  6.50006E+00
  1.01598E+00  2.08624E+00  1.05268E+01  1.06664E+02  6.63202E+00
  1.01098E+00  2.08490E+00  1.05413E+01  1.06761E+02  6.76865E+00
  1.00598E+00  2.08350E+00  1.05559E+01  1.06853E+02  6.90971E+00
  1.00098E+00  2.08204E+00  1.05705E+01  1.06941E+02  7.05497E+00
  9.95980E-01  2.08052E+00  1.05851E+01  1.07024E+02  7.20534E+00
  9.90980E-01  2.07894E+00  1.05998E+01  1.07103E+02  7.35981E+00
  9.85980E-01  2.07729E+00  1.06146E+01  1.07177E+02  7.52011E+00
  9.80980E-01  2.07558E+00  1.06293E+01  1.07246E+02  7.68488E+00
  9.75980E-01  2.07381E+00  1.06441E+01  1.07310E+02  7.85567E+00
  9.70980E-01  2.07197E+00  1.06589E+01  1.07369E+02  8.03228E+00
  9.65980E-01  2.07006E+00  1.06737E+01  1.07423E+02  8.21459E+00
  9.60980E-01  2.06808E+00  1.06886E+01  1.07471E+02  8.40353E+00
  9.55980E-01  2.06603E+00  1.07035E+01  1.07515E+02  8.59801E+00
  9.50980E-01  2.06391E+00  1.07185E+01  1.07552E+02  8.80019E+00
  9.45980E-01  2.06172E+00  1.07334E+01  1.07584E+02  9.00838E+00
  9.40980E-01  2.05946E+00  1.07484E+01  1.07610E+02  9.22451E+00
  9.35980E-01  2.05712E+00  1.07634E+01  1.07630E+02  9.44875E+00
  9.30980E-01  2.05470E+00  1.07785E+01  1.07645E+02  9.68006E+00
  9.25980E-01  2.05220E+00  1.07935E+01  1.07652E+02  9.92008E+00
  9.20980E-01  2.04963E+00  1.08086E+01  1.07654E+02  1.01687E+01
  9.15980E-01  2.04698E+00  1.08237E+01  1.07649E+02  1.04263E+01
  9.10980E-01  2.04424E+00  1.08389E+01  1.07638E+02  1.06942E+01
  9.05980E-01  2.04142E+00  1.08539E+01  1.07620E+02  1.09708E+01
  9.00980E-01  2.03852E+00  1.08691E+01  1.07595E+02  1.12586E+01
  8.95980E-01  2.03553E+00  1.08843E+01  1.07562E+02  1.15571E+01
  8.90980E-01  2.03245E+00  1.08994E+01  1.07523E+02  1.18665E+01
  8.85980E-01  2.02928E+00  1.09147E+01  1.07476E+02  1.21888E+01
  8.80980E-01  2.02602E+00  1.09298E+01  1.07422E+02  1.25219E+01
  8.75980E-01  2.02267E+00  1.09450E+01  1.07360E+02  1.28693E+01
  8.70980E-01  2.01923E+00  1.09602E+01  1.07291E+02  1.32308E+01
  8.65980E-01  2.01573E+00  1.09753E+01  1.07214E+02  1.36009E+01
  8.60980E-01  2.01214E+00  1.09903E+01  1.07129E+02  1.39864E+01
  8.55980E-01  2.00844E+00  1.10053E+01  1.07036E+02  1.43879E+01
  8.50980E-01  2.00466E+00  1.10203E+01  1.06934E+02  1.48038E+01
  8.45980E-01  2.00077E+00  1.10353E+01  1.06825E+02  1.52375E+01
  8.40980E-01  1.99679E+00  1.10503E+01  1.06706E+02  1.56892E+01
  8.35980E-01  1.99270E+00  1.10652E+01  1.06579E+02  1.61583E+01
  8.30980E-01  1.98851E+00  1.10801E+01  1.06443E+02  1.66472E+01
  8.25980E-01  1.98421E+00  1.10951E+01  1.06298E+02  1.71571E+01
  8.20980E-01  1.97981E+00  1.11100E+01  1.06143E+02  1.76873E+01
  8.15980E-01  1.97530E+00  1.11248E+01  1.05979E+02  1.82410E+01
  8.10980E-01  1.97068E+00  1.11397E+01  1.05806E+02  1.88192E+01
  8.05980E-01  1.96595E+00  1.11545E+01  1.05623E+02  1.94209E+01
  8.00980E-01  1.96110E+00  1.11692E+01  1.05429E+02  2.00496E+01
  7.95980E-01  1.95614E+00  1.11840E+01  1.05226E+02  2.07083E+01
  7.90980E-01  1.95106E+00  1.11987E+01  1.05013E+02  2.13925E+01
  7.85980E-01  1.94586E+00  1.12134E+01  1.04789E+02  2.21099E+01
  7.80980E-01  1.94053E+00  1.12280E+01  1.04555E+02  2.28620E+01
  7.75980E-01  1.93509E+00  1.12426E+01  1.04310E+02  2.36450E+01
  7.70980E-01  1.92951E+00  1.12572E+01  1.04054E+02  2.44668E+01
  7.65980E-01  1.92381E+00  1.12717E+01  1.03786E+02  2.53271E+01
  7.60980E-01  1.91798E+00  1.12862E+01  1.03508E+02  2.62287E+01
  7.55980E-01  1.91202E+00  1.13005E+01  1.03218E+02  2.71738E+01
  7.50980E-01  1.90592E+00  1.13149E+01  1.02916E+02  2.81655E+01
  7.45980E-01  1.89969E+00  1.13292E+01  1.02603E+02  2.92056E+01
  7.40980E-01  1.89332E+00  1.13435E+01  1.02278E+02  3.02975E+01
  7.35980E-01  1.88681E+00  1.13576E+01  1.01940E+02  3.14439E+01
  7.30980E-01  1.88015E+00  1.13718E+01  1.01591E+02  3.26499E+01
  7.25980E-01  1.87335E+00  1.13858E+01  1.01228E+02  3.39210E+01
  7.20980E-01  1.86640E+00  1.13999E+01  1.00853E+02  3.52539E+01
  7.15980E-01  1.85930E+00  1.14137E+01  1.00465E+02  3.66572E+01
  7.10980E-01  1.85205E+00  1.14276E+01  1.00064E+02  3.81363E+01
  7.05980E-01  1.84465E+00  1.14413E+01  9.96503E+01  3.96964E+01
  7.00980E-01  1.83709E+00  1.14550E+01  9.92229E+01  4.13443E+01
  6.95980E-01  1.82937E+00  1.14687E+01  9.87819E+01  4.30774E+01
  6.90980E-01  1.82149E+00  1.14821E+01  9.83271E+01  4.49110E+01
  6.85980E-01  1.81344E+00  1.14956E+01  9.78586E+01  4.68469E+01
  6.80980E-01  1.80523E+00  1.15089E+01  9.73761E+01  4.88953E+01
  6.75980E-01  1.79685E+00  1.15221E+01  9.68795E+01  5.10650E+01
  6.70980E-01  1.78830E+00  1.15353E+01  9.63685E+01  5.33546E+01
  6.65980E-01  1.77958E+00  1.15482E+01  9.58431E+01  5.57847E+01
  6.60980E-01  1.77069E+00  1.15612E+01  9.53031E+01  5.83586E+01
  6.55980E-01  1.76161E+00  1.15739E+01  9.47485E+01  6.10915E+01
  6.50980E-01  1.75236E+00  1.15866E+01  9.41789E+01  6.39969E+01
  6.45980E-01  1.74293E+00  1.15992E+01  9.35946E+01  6.70757E+01
  6.40980E-01  1.73332E+00  1.16116E+01  9.29950E+01  7.03471E+01
  6.35980E-01  1.72352E+00  1.16238E+01  9.23804E+01  7.38280E+01
  6.30980E-01  1.71353E+00  1.16359E+01  9.17505E+01  7.75386E+01
  6.25980E-01  1.70335E+00  1.16480E+01  9.11053E+01  8.14910E+01
  6.20980E-01  1.69298E+00  1.16598E+01  9.04446E+01  8.57021E+01
  6.15980E-01  1.68242E+00  1.16715E+01  8.97686E+01  9.02016E+01
  6.10980E-01  1.67167E+00  1.16831E+01  8.90769E+01  9.50026E+01
  6.05980E-01  1.66071E+00  1.16944E+01  8.83697E+01  1.00138E+02
  6.00980E-01  1.64956E+00  1.17057E+01  8.76469E+01  1.05621E+02
  5.95980E-01  1.63821E+00  1.17167E+01  8.69085E+01  1.11488E+02
  5.90980E-01  1.62666E+00  1.17276E+01  8.61543E+01  1.17781E+02
  5.85980E-01  1.61491E+00  1.17382E+01  8.53846E+01  1.24530E+02
  5.80980E-01  1.60295E+00  1.17487E+01  8.45992E+01  1.31774E+02
  5.75980E-01  1.59079E+00  1.17590E+01  8.37983E+01  1.39555E+02
  5.70980E-01  1.57842E+00  1.17691E+01  8.29819E+01  1.47917E+02
  5.65980E-01  1.56585E+00  1.17789E+01  8.21499E+01  1.56926E+02
  5.60980E-01  1.55307E+00  1.17886E+01  8.13028E+01  1.66624E+02
  5.55980E-01  1.54008E+00  1.17981E+01  8.04402E+01  1.77081E+02
  5.50980E-01  1.52688E+00  1.18073E+01  7.95624E+01  1.88362E+02
  5.45980E-01  1.51347E+00  1.18163E+01  7.86696E+01  2.00560E+02
  5.40980E-01  1.49985E+00  1.18251E+01  7.77619E+01  2.13748E+02
  5.35980E-01  1.48602E+00  1.18337E+01  7.68394E+01  2.28020E+02
  5.30980E-01  1.47199E+00  1.18420E+01  7.59025E+01  2.43485E+02
  5.25980E-01  1.45774E+00  1.18500E+01  7.49512E+01  2.60286E+02
  5.20980E-01  1.44328E+00  1.18580E+01  7.39858E+01  2.78515E+02
  5.15980E-01  1.42862E+00  1.18655E+01  7.30066E+01  2.98343E+02
  5.10980E-01  1.41374E+00  1.18728E+01  7.20137E+01  3.19920E+02
  5.05980E-01  1.39866E+00  1.18798E+01  7.10077E+01  3.43421E+02
  5.00980E-01  1.38338E+00  1.18865E+01  6.99885E+01  3.69033E+02
  4.95980E-01  1.36789E+00  1.18932E+01  6.89569E+01  3.97032E+02
  4.90980E-01  1.35220E+00  1.18993E+01  6.79129E+01  4.27678E+02
  4.85980E-01  1.33630E+00  1.19053E+01  6.68571E+01  4.61214E+02
  4.80980E-01  1.32021E+00  1.19111E+01  6.57898E+01  4.97990E+02
  4.75980E-01  1.30392E+00  1.19165E+01  6.47115E+01  5.38411E+02
  4.70980E-01  1.28744E+00  1.19216E+01  6.36226E+01  5.82752E+02
  4.65980E-01  1.27077E+00  1.19265E+01  6.25235E+01  6.31566E+02
  4.60980E-01  1.25391E+00  1.19311E+01  6.14150E+01  6.85372E+02
  4.55980E-01  1.23687E+00  1.19354E+01  6.02973E+01  7.44869E+02
  4.50980E-01  1.21964E+00  1.19395E+01  5.91712E+01  8.10519E+02
  4.45980E-01  1.20224E+00  1.19433E+01  5.80371E+01  8.83160E+02
  4.40980E-01  1.18467E+00  1.19467E+01  5.68957E+01  9.63778E+02
  4.35980E-01  1.16693E+00  1.19500E+01  5.57476E+01  1.05340E+03
  4.30980E-01  1.14902E+00  1.19531E+01  5.45935E+01  1.15272E+03
  4.25980E-01  1.13096E+00  1.19558E+01  5.34340E+01  1.26357E+03
  4.20980E-01  1.11275E+00  1.19585E+01  5.22698E+01  1.38730E+03
  4.15980E-01  1.09439E+00  1.19607E+01  5.11017E+01  1.52526E+03
  4.10980E-01  1.07589E+00  1.19627E+01  4.99303E+01  1.67991E+03
  4.05980E-01  1.05726E+00  1.19647E+01  4.87565E+01  1.85356E+03
  4.00980E-01  1.03850E+00  1.19665E+01  4.75810E+01  2.04792E+03
  3.95980E-01  1.01962E+00  1.19680E+01  4.64046E+01  2.26721E+03
  3.90980E-01  1.00064E+00  1.19694E+01  4.52282E+01  2.51399E+03
  3.85980E-01  9.81546E-01  1.19709E+01  4.40525E+01  2.79284E+03
  3.80980E-01  9.62360E-01  1.19721E+01  4.28784E+01  3.10863E+03
  3.75980E-01  9.43089E-01  1.19733E+01  4.17068E+01  3.46637E+03
  3.70980E-01  9.23738E-01  1.19744E+01  4.05385E+01  3.87284E+03
  3.65980E-01  9.04322E-01  1.19759E+01  3.93745E+01  4.33597E+03
  3.60980E-01  8.84846E-01  1.19771E+01  3.82156E+01  4.86370E+03
  3.55980E-01  8.65324E-01  1.19785E+01  3.70628E+01  5.46825E+03
  3.50980E-01  8.45762E-01  1.19801E+01  3.59169E+01  6.15906E+03
  3.45980E-01  8.26174E-01  1.19819E+01  3.47788E+01  6.95362E+03
  3.40980E-01  8.06570E-01  1.19841E+01  3.36495E+01  7.86957E+03
  3.35980E-01  7.86962E-01  1.19867E+01  3.25299E+01  8.92280E+03
  3.30980E-01  7.67361E-01  1.19898E+01  3.14208E+01  1.01442E+04
  3.25980E-01  7.47782E-01  1.19934E+01  3.03234E+01  1.15606E+04
  3.20980E-01  7.28232E-01  1.19975E+01  2.92383E+01  1.32054E+04
  3.15980E-01  7.08726E-01  1.20025E+01  2.81666E+01  1.51213E+04
  3.10980E-01  6.89278E-01  1.20084E+01  2.71090E+01  1.73624E+04
  3.05980E-01  6.69899E-01  1.20154E+01  2.60664E+01  1.99894E+04
  3.00980E-01  6.50604E-01  1.20237E+01  2.50397E+01  2.30759E+04
  2.95980E-01  6.31408E-01  1.20333E+01  2.40299E+01  2.67141E+04
  2.90980E-01  6.12319E-01  1.20446E+01  2.30376E+01  3.10139E+04
  2.85980E-01  5.93356E-01  1.20576E+01  2.20635E+01  3.61164E+04
  2.80980E-01  5.74532E-01  1.20726E+01  2.11086E+01  4.21783E+04
  2.75980E-01  5.55860E-01  1.20899E+01  2.01735E+01  4.94185E+04
  2.70980E-01  5.37358E-01  1.21100E+01  1.92591E+01  5.80897E+04
  2.65980E-01  5.19032E-01  1.21330E+01  1.83657E+01  6.84929E+04
  2.60980E-01  5.00907E-01  1.21592E+01  1.74942E+01  8.10422E+04
  2.55980E-01  4.82988E-01  1.21897E+01  1.66451E+01  9.62194E+04
  2.50980E-01  4.65295E-01  1.22242E+01  1.58189E+01  1.14698E+05
  2.45980E-01  4.47840E-01  1.22637E+01  1.50162E+01  1.37115E+05
  2.40980E-01  4.30638E-01  1.23085E+01  1.42374E+01  1.64622E+05
  2.35980E-01  4.13703E-01  1.23595E+01  1.34830E+01  1.98419E+05
  2.30980E-01  3.97048E-01  1.24174E+01  1.27532E+01  2.40024E+05
  2.25980E-01  3.80689E-01  1.24835E+01  1.20485E+01  2.91721E+05
  2.20980E-01  3.64638E-01  1.25586E+01  1.13691E+01  3.55753E+05
  2.15980E-01  3.48909E-01  1.26437E+01  1.07152E+01  4.35937E+05
  2.10980E-01  3.33516E-01  1.27412E+01  1.00871E+01  5.36623E+05
  2.05980E-01  3.18469E-01  1.28518E+01  9.48459E+00  6.63216E+05
  2.00980E-01  3.03783E-01  1.29777E+01  8.90809E+00  8.24112E+05
  1.95980E-01  2.89469E-01  1.31217E+01  8.35733E+00  1.02865E+06
  1.90980E-01  2.75538E-01  1.32856E+01  7.83242E+00  1.29036E+06
  1.85980E-01  2.62001E-01  1.34743E+01  7.33319E+00  1.62679E+06
  1.80980E-01  2.48871E-01  1.36895E+01  6.85958E+00  2.06192E+06
  1.75980E-01  2.36157E-01  1.39384E+01  6.41144E+00  2.62782E+06
  1.70980E-01  2.23868E-01  1.42243E+01  5.98840E+00  3.36739E+06
  1.65980E-01  2.12013E-01  1.45576E+01  5.59034E+00  4.33770E+06
  1.60980E-01  2.00603E-01  1.49443E+01  5.21703E+00  5.62272E+06
  1.55980E-01  1.89645E-01  1.53956E+01  4.86818E+00  7.33317E+06
  1.50980E-01  1.79147E-01  1.59260E+01  4.54339E+00  9.62178E+06
  1.45980E-01  1.69116E-01  1.65553E+01  4.24251E+00  1.27097E+07
  1.40980E-01  1.59561E-01  1.73080E+01  3.96535E+00  1.68912E+07
  1.35980E-01  1.50487E-01  1.82115E+01  3.71168E+00  2.26245E+07
  1.30980E-01  1.41902E-01  1.93116E+01  3.48155E+00  3.05467E+07
  1.25980E-01  1.33813E-01  2.06635E+01  3.27506E+00  4.16418E+07
  1.20980E-01  1.26229E-01  2.23551E+01  3.09294E+00  5.74124E+07
  1.15980E-01  1.19158E-01  2.45145E+01  2.93617E+00  8.05074E+07
  1.10980E-01  1.12611E-01  2.73280E+01  2.80688E+00  1.15889E+08
  1.05980E-01  1.06599E-01  3.10972E+01  2.70895E+00  1.74836E+08
  1.00980E-01  1.01141E-01  3.62991E+01  2.64990E+00  2.89279E+08
  9.59800E-02  9.62678E-02  4.38943E+01  2.64681E+00  5.76752E+08
  9.09801E-02  9.20214E-02  5.56649E+01  2.74016E+00  1.62721E+09
  8.59800E-02  8.84840E-02  7.57461E+01  3.05406E+00  7.94171E+09
  8.09800E-02  8.60422E-02  1.10976E+02  3.97729E+00  6.75500E+10
