  1.04098E+00  2.00015E+00  1.00977E+01  9.50683E+01  7.13289E+00
  1.03598E+00  1.99780E+00  1.01106E+01  9.50498E+01  7.30317E+00
  1.03098E+00  1.99539E+00  1.01234E+01  9.50259E+01  7.47917E+00
  1.02598E+00  1.99290E+00  1.01362E+01  9.49965E+01  7.66199E+00
  1.02098E+00  1.99034E+00  1.01491E+01  9.49615E+01  7.85067E+00
  1.01598E+00  1.98770E+00  1.01620E+01  9.49208E+01  8.04623E+00
  1.01098E+00  1.98499E+00  1.01749E+01  9.48743E+01  8.24885E+00
  1.00598E+00  1.98220E+00  1.01878E+01  9.48219E+01  8.45884E+00
  1.00098E+00  1.97933E+00  1.02007E+01  9.47635E+01  8.67640E+00
  9.95980E-01  1.97638E+00  1.02136E+01  9.46989E+01  8.90235E+00
  9.90980E-01  1.97335E+00  1.02265E+01  9.46282E+01  9.13638E+00
  9.85980E-01  1.97023E+00  1.02394E+01  9.45511E+01  9.38031E+00
  9.80980E-01  1.96704E+00  1.02523E+01  9.44676E+01  9.63210E+00
  9.75980E-01  1.96376E+00  1.02652E+01  9.43775E+01  9.89351E+00
  9.70980E-01  1.96039E+00  1.02781E+01  9.42809E+01  1.01655E+01
  9.65980E-01  1.95693E+00  1.02910E+01  9.41775E+01  1.04477E+01
  9.60980E-01  1.95339E+00  1.03040E+01  9.40672E+01  1.07414E+01
  9.55980E-01  1.94976E+00  1.03168E+01  9.39500E+01  1.10468E+01
  9.50980E-01  1.94603E+00  1.03297E+01  9.38257E+01  1.13640E+01
  9.45980E-01  1.94222E+00  1.03426E+01  9.36942E+01  1.16939E+01
  9.40980E-01  1.93830E+00  1.03555E+01  9.35556E+01  1.20369E+01
  9.35980E-01  1.93430E+00  1.03683E+01  9.34094E+01  1.23945E+01
  9.30980E-01  1.93020E+00  1.03812E+01  9.32559E+01  1.27666E+01
  9.25980E-01  1.92600E+00  1.03940E+01  9.30947E+01  1.31542E+01
  9.20980E-01  1.92170E+00  1.04068E+01  9.29259E+01  1.35583E+01
  9.15980E-01  1.91730E+00  1.04196E+01  9.27492E+01  1.39788E+01
  9.10980E-01  1.91279E+00  1.04324E+01  9.25647E+01  1.44174E+01
  9.05980E-01  1.90819E+00  1.04451E+01  9.23722E+01  1.48749E+01
  9.00980E-01  1.90348E+00  1.04579E+01  9.21715E+01  1.53523E+01
  8.95980E-01  1.89867E+00  1.04706E+01  9.19626E+01  1.58502E+01
  8.90980E-01  1.89374E+00  1.04832E+01  9.17455E+01  1.63713E+01
  8.85980E-01  1.88871E+00  1.04959E+01  9.15199E+01  1.69144E+01
  8.80980E-01  1.88357E+00  1.05085E+01  9.12858E+01  1.74817E+01
  8.75980E-01  1.87832E+00  1.05210E+01  9.10431E+01  1.80753E+01
  8.70980E-01  1.87295E+00  1.05336E+01  9.07917E+01  1.86959E+01
  8.65980E-01  1.86748E+00  1.05461E+01  9.05315E+01  1.93454E+01
  8.60980E-01  1.86188E+00  1.05585E+01  9.02624E+01  2.00249E+01
  8.55980E-01  1.85617E+00  1.05710E+01  8.99842E+01  2.07360E+01
  8.50980E-01  1.85034E+00  1.05834E+01  8.96970E+01  2.14809E+01
  8.45980E-01  1.84439E+00  1.05957E+01  8.94007E+01  2.22608E+01
  8.40980E-01  1.83832E+00  1.06079E+01  8.90951E+01  2.30806E+01
  8.35980E-01  1.83213E+00  1.06202E+01  8.87802E+01  2.39387E+01
  8.30980E-01  1.82582E+00  1.06323E+01  8.84558E+01  2.48389E+01
  8.25980E-01  1.81938E+00  1.06444E+01  8.81220E+01  2.57820E+01
  8.20980E-01  1.81282E+00  1.06565E+01  8.77785E+01  2.67740E+01
  8.15980E-01  1.80612E+00  1.06685E+01  8.74254E+01  2.78166E+01
  8.10980E-01  1.79930E+00  1.06804E+01  8.70627E+01  2.89120E+01
  8.05980E-01  1.79235E+00  1.06922E+01  8.66901E+01  3.00637E+01
  8.00980E-01  1.78527E+00  1.07040E+01  8.63076E+01  3.12744E+01
  7.95980E-01  1.77806E+00  1.07157E+01  8.59152E+01  3.25491E+01
  7.90980E-01  1.77071E+00  1.07273E+01  8.55129E+01  3.38899E+01
  7.85980E-01  1.76323E+00  1.07388E+01  8.51005E+01  3.53041E+01
  7.80980E-01  1.75562E+00  1.07503E+01  8.46781E+01  3.67965E+01
  7.75980E-01  1.74787E+00  1.07617E+01  8.42455E+01  3.83665E+01
  7.70980E-01  1.73998E+00  1.07730E+01  8.38028E+01  4.00220E+01
  7.65980E-01  1.73195E+00  1.07841E+01  8.33497E+01  4.17716E+01
  7.60980E-01  1.72378E+00  1.07953E+01  8.28865E+01  4.36222E+01
  7.55980E-01  1.71547E+00  1.08062E+01  8.24131E+01  4.55774E+01
  7.50980E-01  1.70702E+00  1.08172E+01  8.19292E+01  4.76356E+01
  7.45980E-01  1.69842E+00  1.08280E+01  8.14351E+01  4.98148E+01
  7.40980E-01  1.68969E+00  1.08386E+01  8.09307E+01  5.21240E+01
  7.35980E-01  1.68081E+00  1.08492E+01  8.04159E+01  5.45686E+01
  7.30980E-01  1.67178E+00  1.08597E+01  7.98908E+01  5.71617E+01
  7.25980E-01  1.66261E+00  1.08700E+01  7.93552E+01  5.99048E+01
  7.20980E-01  1.65329E+00  1.08803E+01  7.88094E+01  6.28141E+01
  7.15980E-01  1.64383E+00  1.08903E+01  7.82532E+01  6.59001E+01
  7.10980E-01  1.63421E+00  1.09003E+01  7.76865E+01  6.91801E+01
  7.05980E-01  1.62446E+00  1.09101E+01  7.71100E+01  7.26643E+01
  7.00980E-01  1.61464E+00  1.09197E+01  7.65279E+01  7.63355E+01
  6.95980E-01  1.60467E+00  1.09292E+01  7.59355E+01  8.02358E+01
  6.90980E-01  1.59455E+00  1.09385E+01  7.53335E+01  8.43797E+01
  6.85980E-01  1.58429E+00  1.09477E+01  7.47215E+01  8.87942E+01
  6.80980E-01  1.57389E+00  1.09567E+01  7.40997E+01  9.34905E+01
  6.75980E-01  1.56335E+00  1.09656E+01  7.34682E+01  9.84865E+01
  6.70980E-01  1.55265E+00  1.09742E+01  7.28267E+01  1.03818E+02
  6.65980E-01  1.54181E+00  1.09828E+01  7.21757E+01  1.09518E+02
  6.60980E-01  1.53082E+00  1.09911E+01  7.15150E+01  1.15590E+02
  6.55980E-01  1.51969E+00  1.09994E+01  7.08448E+01  1.22070E+02
  6.50980E-01  1.50840E+00  1.10074E+01  7.01652E+01  1.29006E+02
  6.45980E-01  1.49698E+00  1.10152E+01  6.94763E+01  1.36413E+02
  6.40980E-01  1.48540E+00  1.10229E+01  6.87779E+01  1.44354E+02
  6.35980E-01  1.47367E+00  1.10304E+01  6.80706E+01  1.52861E+02
  6.30980E-01  1.46181E+00  1.10378E+01  6.73544E+01  1.61950E+02
  6.25980E-01  1.44979E+00  1.10448E+01  6.66291E+01  1.71720E+02
  6.20980E-01  1.43763E+00  1.10518E+01  6.58950E+01  1.82212E+02
  6.15980E-01  1.42532E+00  1.10585E+01  6.51523E+01  1.93489E+02
  6.10980E-01  1.41287E+00  1.10651E+01  6.44012E+01  2.05597E+02
  6.05980E-01  1.40027E+00  1.10714E+01  6.36418E+01  2.18632E+02
  6.00980E-01  1.38753E+00  1.10775E+01  6.28741E+01  2.32677E+02
  5.95980E-01  1.37464E+00  1.10835E+01  6.20985E+01  2.47824E+02
  5.90980E-01  1.36161E+00  1.10893E+01  6.13151E+01  2.64135E+02
  5.85980E-01  1.34844E+00  1.10948E+01  6.05241E+01  2.81749E+02
  5.80980E-01  1.33512E+00  1.11001E+01  5.97256E+01  3.00809E+02
  5.75980E-01  1.32167E+00  1.11052E+01  5.89199E+01  3.21426E+02
  5.70980E-01  1.30807E+00  1.11102E+01  5.81073E+01  3.43710E+02
  5.65980E-01  1.29434E+00  1.11149E+01  5.72878E+01  3.67866E+02
  5.60980E-01  1.28047E+00  1.11194E+01  5.64619E+01  3.94080E+02
  5.55980E-01  1.26647E+00  1.11236E+01  5.56298E+01  4.22567E+02
  5.50980E-01  1.25233E+00  1.11278E+01  5.47916E+01  4.53462E+02
  5.45980E-01  1.23806E+00  1.11316E+01  5.39477E+01  4.87089E+02
  5.40980E-01  1.22367E+00  1.11353E+01  5.30984E+01  5.23762E+02
  5.35980E-01  1.20914E+00  1.11388E+01  5.22439E+01  5.63686E+02
  5.30980E-01  1.19449E+00  1.11421E+01  5.13846E+01  6.07231E+02
  5.25980E-01  1.17972E+00  1.11451E+01  5.05208E+01  6.54808E+02
  5.20980E-01  1.16482E+00  1.11479E+01  4.96528E+01  7.06907E+02
  5.15980E-01  1.14981E+00  1.11506E+01  4.87809E+01  7.63826E+02
  5.10980E-01  1.13468E+00  1.11529E+01  4.79056E+01  8.26224E+02
  5.05980E-01  1.11944E+00  1.11553E+01  4.70270E+01  8.94818E+02
  5.00980E-01  1.10409E+00  1.11573E+01  4.61457E+01  9.70173E+02
  4.95980E-01  1.08864E+00  1.11593E+01  4.52621E+01  1.05284E+03
  4.90980E-01  1.07308E+00  1.11610E+01  4.43764E+01  1.14398E+03
  4.85980E-01  1.05743E+00  1.11624E+01  4.34891E+01  1.24456E+03
  4.80980E-01  1.04168E+00  1.11639E+01  4.26007E+01  1.35544E+03
  4.75980E-01  1.02584E+00  1.11652E+01  4.17115E+01  1.47822E+03
  4.70980E-01  1.00992E+00  1.11663E+01  4.08220E+01  1.61407E+03
  4.65980E-01  9.93910E-01  1.11673E+01  3.99326E+01  1.76451E+03
  4.60980E-01  9.77827E-01  1.11681E+01  3.90437E+01  1.93132E+03
  4.55980E-01  9.61672E-01  1.11690E+01  3.81559E+01  2.11715E+03
  4.50980E-01  9.45451E-01  1.11698E+01  3.72696E+01  2.32371E+03
  4.45980E-01  9.29169E-01  1.11703E+01  3.63853E+01  2.55369E+03
  4.40980E-01  9.12830E-01  1.11711E+01  3.55033E+01  2.81109E+03
  4.35980E-01  8.96442E-01  1.11717E+01  3.46243E+01  3.09847E+03
  4.30980E-01  8.80008E-01  1.11722E+01  3.37487E+01  3.41983E+03
  4.25980E-01  8.63537E-01  1.11730E+01  3.28771E+01  3.78122E+03
  4.20980E-01  8.47034E-01  1.11738E+01  3.20098E+01  4.18645E+03
  4.15980E-01  8.30505E-01  1.11745E+01  3.11474E+01  4.64200E+03
  4.10980E-01  8.13958E-01  1.11755E+01  3.02905E+01  5.15674E+03
  4.05980E-01  7.97398E-01  1.11767E+01  2.94395E+01  5.73609E+03
  4.00980E-01  7.80835E-01  1.11781E+01  2.85949E+01  6.39221E+03
  3.95980E-01  7.64274E-01  1.11796E+01  2.77573E+01  7.13583E+03
  3.90980E-01  7.47721E-01  1.11819E+01  2.69271E+01  7.97842E+03
  3.85980E-01  7.31188E-01  1.11841E+01  2.61049E+01  8.93671E+03
  3.80980E-01  7.14680E-01  1.11869E+01  2.52911E+01  1.00310E+04
  3.75980E-01  6.98205E-01  1.11901E+01  2.44862E+01  1.12741E+04
  3.70980E-01  6.81771E-01  1.11941E+01  2.36908E+01  1.27019E+04
  3.65980E-01  6.65387E-01  1.11988E+01  2.29053E+01  1.43326E+04
  3.60980E-01  6.49060E-01  1.12042E+01  2.21300E+01  1.62072E+04
  3.55980E-01  6.32800E-01  1.12102E+01  2.13657E+01  1.83679E+04
  3.50980E-01  6.16616E-01  1.12173E+01  2.06128E+01  2.08497E+04
  3.45980E-01  6.00517E-01  1.12256E+01  1.98716E+01  2.37272E+04
  3.40980E-01  5.84508E-01  1.12353E+01  1.91426E+01  2.70524E+04
  3.35980E-01  5.68603E-01  1.12460E+01  1.84262E+01  3.09113E+04
  3.30980E-01  5.52808E-01  1.12582E+01  1.77228E+01  3.54063E+04
  3.25980E-01  5.37133E-01  1.12724E+01  1.70328E+01  4.06428E+04
  3.20980E-01  5.21585E-01  1.12881E+01  1.63565E+01  4.67728E+04
  3.15980E-01  5.06177E-01  1.13060E+01  1.56944E+01  5.39482E+04
  3.10980E-01  4.90917E-01  1.13261E+01  1.50468E+01  6.23783E+04
  3.05980E-01  4.75813E-01  1.13490E+01  1.44140E+01  7.22969E+04
  3.00980E-01  4.60874E-01  1.13746E+01  1.37963E+01  8.40366E+04
  2.95980E-01  4.46107E-01  1.14034E+01  1.31938E+01  9.79175E+04
  2.90980E-01  4.31529E-01  1.14358E+01  1.26071E+01  1.14393E+05
  2.85980E-01  4.17138E-01  1.14720E+01  1.20360E+01  1.33991E+05
  2.80980E-01  4.02953E-01  1.15126E+01  1.14812E+01  1.57480E+05
  2.75980E-01  3.88977E-01  1.15581E+01  1.09425E+01  1.85473E+05
  2.70980E-01  3.75220E-01  1.16089E+01  1.04202E+01  2.19176E+05
  2.65980E-01  3.61691E-01  1.16659E+01  9.91438E+00  2.59877E+05
  2.60980E-01  3.48398E-01  1.17294E+01  9.42514E+00  3.08879E+05
  2.55980E-01  3.35349E-01  1.18000E+01  8.95262E+00  3.68299E+05
  2.50980E-01  3.22552E-01  1.18796E+01  8.49688E+00  4.40783E+05
  2.45980E-01  3.10015E-01  1.19678E+01  8.05783E+00  5.28958E+05
  2.40980E-01  2.97746E-01  1.20666E+01  7.63560E+00  6.37032E+05
  2.35980E-01  2.85752E-01  1.21777E+01  7.23011E+00  7.70016E+05
  2.30980E-01  2.74039E-01  1.23024E+01  6.84128E+00  9.33258E+05
  2.25980E-01  2.62617E-01  1.24416E+01  6.46916E+00  1.13621E+06
  2.20980E-01  2.51490E-01  1.25969E+01  6.11360E+00  1.38747E+06
  2.15980E-01  2.40666E-01  1.27735E+01  5.77447E+00  1.70106E+06
  2.10980E-01  2.30150E-01  1.29717E+01  5.45162E+00  2.09286E+06
  2.05980E-01  2.19947E-01  1.31938E+01  5.14493E+00  2.58556E+06
  2.00980E-01  2.10064E-01  1.34482E+01  4.85429E+00  3.20473E+06
  1.95980E-01  2.00505E-01  1.37352E+01  4.57943E+00  3.99071E+06
  1.90980E-01  1.91275E-01  1.40605E+01  4.32026E+00  4.98931E+06
  1.85980E-01  1.82380E-01  1.44340E+01  4.07656E+00  6.26074E+06
  1.80980E-01  1.73822E-01  1.48606E+01  3.84816E+00  7.89202E+06
  1.75980E-01  1.65608E-01  1.53534E+01  3.63493E+00  9.99352E+06
  1.70980E-01  1.57740E-01  1.59216E+01  3.43674E+00  1.27093E+07
  1.65980E-01  1.50221E-01  1.65806E+01  3.25333E+00  1.62433E+07
  1.60980E-01  1.43057E-01  1.73572E+01  3.08488E+00  2.08571E+07
  1.55980E-01  1.36250E-01  1.82719E+01  2.93128E+00  2.69268E+07
  1.50980E-01  1.29803E-01  1.93543E+01  2.79255E+00  3.50009E+07
  1.45980E-01  1.23722E-01  2.06599E+01  2.66917E+00  4.58502E+07
  1.40980E-01  1.18010E-01  2.22440E+01  2.56160E+00  6.06728E+07
  1.35980E-01  1.12670E-01  2.41847E+01  2.47055E+00  8.13957E+07
  1.30980E-01  1.07710E-01  2.66061E+01  2.39757E+00  1.11561E+08
  1.25980E-01  1.03136E-01  2.96824E+01  2.34499E+00  1.58326E+08
  1.20980E-01  9.89556E-02  3.36734E+01  2.31687E+00  2.38603E+08
  1.15980E-01  9.51819E-02  3.89918E+01  2.32051E+00  3.98839E+08
  1.10980E-01  9.18318E-02  4.63311E+01  2.37017E+00  7.93076E+08
  1.05980E-01  8.89297E-02  5.68894E+01  2.49601E+00  2.04238E+09
  1.00980E-01  8.65133E-02  7.28814E+01  2.77083E+00  7.35094E+09
  9.59800E-02  8.46746E-02  9.96380E+01  3.43254E+00  4.13737E+10
  9.09800E-02  8.36056E-02  1.48760E+02  5.39877E+00  4.10100E+11
  8.59800E-02  8.35946E-02  2.30108E+02  1.16312E+01  5.26417E+12
  8.09800E-02  8.55194E-02  4.69281E+02  7.01633E+01  3.62249E+14
