  9.40980E-01  2.13337E+00  1.07050E+01  1.14236E+02  6.65805E+00
  9.35980E-01  2.13104E+00  1.07203E+01  1.14255E+02  6.82504E+00
  9.30980E-01  2.12862E+00  1.07356E+01  1.14266E+02  6.99848E+00
  9.25980E-01  2.12612E+00  1.07510E+01  1.14269E+02  7.17807E+00
  9.20980E-01  2.12352E+00  1.07663E+01  1.14265E+02  7.36477E+00
  9.15980E-01  2.12084E+00  1.07817E+01  1.14253E+02  7.55900E+00
  9.10980E-01  2.11805E+00  1.07971E+01  1.14233E+02  7.75999E+00
  9.05980E-01  2.11518E+00  1.08125E+01  1.14205E+02  7.96927E+00
  9.00980E-01  2.11221E+00  1.08280E+01  1.14169E+02  8.18692E+00
  8.95980E-01  2.10913E+00  1.08434E+01  1.14124E+02  8.41275E+00
  8.90980E-01  2.10596E+00  1.08589E+01  1.14070E+02  8.64854E+00
  8.85980E-01  2.10269E+00  1.08743E+01  1.14008E+02  8.89304E+00
  8.80980E-01  2.09931E+00  1.08898E+01  1.13936E+02  9.14772E+00
  8.75980E-01  2.09582E+00  1.09053E+01  1.13856E+02  9.41311E+00
  8.70980E-01  2.09223E+00  1.09208E+01  1.13766E+02  9.68964E+00
  8.65980E-01  2.08853E+00  1.09363E+01  1.13666E+02  9.97734E+00
  8.60980E-01  2.08472E+00  1.09517E+01  1.13557E+02  1.02776E+01
  8.55980E-01  2.08079E+00  1.09672E+01  1.13438E+02  1.05913E+01
  8.50980E-01  2.07674E+00  1.09827E+01  1.13309E+02  1.09174E+01
  8.45980E-01  2.07258E+00  1.09982E+01  1.13169E+02  1.12582E+01
  8.40980E-01  2.06831E+00  1.10137E+01  1.13019E+02  1.16143E+01
  8.35980E-01  2.06390E+00  1.10291E+01  1.12858E+02  1.19857E+01
  8.30980E-01  2.05938E+00  1.10445E+01  1.12687E+02  1.23743E+01
  8.25980E-01  2.05473E+00  1.10600E+01  1.12504E+02  1.27811E+01
  8.20980E-01  2.04995E+00  1.10754E+01  1.12310E+02  1.32054E+01
  8.15980E-01  2.04505E+00  1.10908E+01  1.12105E+02  1.36491E+01
  8.10980E-01  2.04001E+00  1.11062E+01  1.11888E+02  1.41138E+01
  8.05980E-01  2.03484E+00  1.11215E+01  1.11660E+02  1.46011E+01
  8.00980E-01  2.02953E+00  1.11368E+01  1.11419E+02  1.51109E+01
  7.95980E-01  2.02409E+00  1.11521E+01  1.11166E+02  1.56454E+01
  7.90980E-01  2.01851E+00  1.11673E+01  1.10901E+02  1.62059E+01
  7.85980E-01  2.01278E+00  1.11825E+01  1.10623E+02  1.67940E+01
  7.80980E-01  2.00691E+00  1.11977E+01  1.10333E+02  1.74106E+01
  7.75980E-01  2.00090E+00  1.12128E+01  1.10030E+02  1.80587E+01
  7.70980E-01  1.99473E+00  1.12279E+01  1.09713E+02  1.87397E+01
  7.65980E-01  1.98842E+00  1.12429E+01  1.09384E+02  1.94560E+01
  7.60980E-01  1.98195E+00  1.12579E+01  1.09041E+02  2.02070E+01
  7.55980E-01  1.97533E+00  1.12728E+01  1.08684E+02  2.09982E+01
  7.50980E-01  1.96855E+00  1.12876E+01  1.08313E+02  2.18316E+01
  7.45980E-01  1.96161E+00  1.13025E+01  1.07929E+02  2.27106E+01
  7.40980E-01  1.95451E+00  1.13172E+01  1.07530E+02  2.36349E+01
  7.35980E-01  1.94725E+00  1.13318E+01  1.07117E+02  2.46079E+01
  7.30980E-01  1.93983E+00  1.13464E+01  1.06690E+02  2.56361E+01
  7.25980E-01  1.93223E+00  1.13609E+01  1.06248E+02  2.67219E+01
  7.20980E-01  1.92447E+00  1.13753E+01  1.05792E+02  2.78700E+01
  7.15980E-01  1.91653E+00  1.13896E+01  1.05320E+02  2.90809E+01
  7.10980E-01  1.90842E+00  1.14039E+01  1.04833E+02  3.03600E+01
  7.05980E-01  1.90014E+00  1.14180E+01  1.04332E+02  3.17132E+01
  7.00980E-01  1.89167E+00  1.14320E+01  1.03814E+02  3.31474E+01
  6.95980E-01  1.88303E+00  1.14460E+01  1.03282E+02  3.46662E+01
  6.90980E-01  1.87421E+00  1.14598E+01  1.02734E+02  3.62755E+01
  6.85980E-01  1.86520E+00  1.14735E+01  1.02170E+02  3.79847E+01
  6.80980E-01  1.85601E+00  1.14871E+01  1.01591E+02  3.97943E+01
  6.75980E-01  1.84663E+00  1.15006E+01  1.00995E+02  4.17167E+01
  6.70980E-01  1.83706E+00  1.15139E+01  1.00384E+02  4.37592E+01
  6.65980E-01  1.82729E+00  1.15271E+01  9.97565E+01  4.59318E+01
  6.60980E-01  1.81734E+00  1.15403E+01  9.91129E+01  4.82420E+01
  6.55980E-01  1.80719E+00  1.15532E+01  9.84533E+01  5.07033E+01
  6.50980E-01  1.79684E+00  1.15660E+01  9.77774E+01  5.33271E+01
  6.45980E-01  1.78630E+00  1.15786E+01  9.70853E+01  5.61219E+01
  6.40980E-01  1.77556E+00  1.15911E+01  9.63768E+01  5.91086E+01
  6.35980E-01  1.76462E+00  1.16034E+01  9.56522E+01  6.22891E+01
  6.30980E-01  1.75347E+00  1.16156E+01  9.49110E+01  6.56963E+01
  6.25980E-01  1.74213E+00  1.16276E+01  9.41537E+01  6.93345E+01
  6.20980E-01  1.73057E+00  1.16394E+01  9.33799E+01  7.32262E+01
  6.15980E-01  1.71882E+00  1.16510E+01  9.25900E+01  7.73969E+01
  6.10980E-01  1.70685E+00  1.16624E+01  9.17838E+01  8.18635E+01
  6.05980E-01  1.69468E+00  1.16737E+01  9.09613E+01  8.66589E+01
  6.00980E-01  1.68230E+00  1.16847E+01  9.01229E+01  9.18035E+01
  5.95980E-01  1.66971E+00  1.16956E+01  8.92684E+01  9.73342E+01
  5.90980E-01  1.65691E+00  1.17062E+01  8.83979E+01  1.03285E+02
  5.85980E-01  1.64390E+00  1.17167E+01  8.75117E+01  1.09687E+02
  5.80980E-01  1.63068E+00  1.17269E+01  8.66097E+01  1.16580E+02
  5.75980E-01  1.61725E+00  1.17370E+01  8.56923E+01  1.24016E+02
  5.70980E-01  1.60361E+00  1.17466E+01  8.47595E+01  1.32044E+02
  5.65980E-01  1.58976E+00  1.17562E+01  8.38116E+01  1.40710E+02
  5.60980E-01  1.57569E+00  1.17655E+01  8.28486E+01  1.50090E+02
  5.55980E-01  1.56142E+00  1.17746E+01  8.18708E+01  1.60228E+02
  5.50980E-01  1.54694E+00  1.17834E+01  8.08788E+01  1.71231E+02
  5.45980E-01  1.53225E+00  1.17920E+01  7.98724E+01  1.83158E+02
  5.40980E-01  1.51735E+00  1.18003E+01  7.88520E+01  1.96081E+02
  5.35980E-01  1.50224E+00  1.18083E+01  7.78179E+01  2.10115E+02
  5.30980E-01  1.48692E+00  1.18162E+01  7.67706E+01  2.25403E+02
  5.25980E-01  1.47141E+00  1.18237E+01  7.57102E+01  2.42046E+02
  5.20980E-01  1.45569E+00  1.18310E+01  7.46372E+01  2.60182E+02
  5.15980E-01  1.43976E+00  1.18379E+01  7.35519E+01  2.79985E+02
  5.10980E-01  1.42364E+00  1.18447E+01  7.24547E+01  3.01608E+02
  5.05980E-01  1.40732E+00  1.18511E+01  7.13461E+01  3.25272E+02
  5.00980E-01  1.39081E+00  1.18573E+01  7.02265E+01  3.51199E+02
  4.95980E-01  1.37411E+00  1.18632E+01  6.90965E+01  3.79562E+02
  4.90980E-01  1.35722E+00  1.18688E+01  6.79564E+01  4.10720E+02
  4.85980E-01  1.34014E+00  1.18742E+01  6.68067E+01  4.44958E+02
  4.80980E-01  1.32288E+00  1.18792E+01  6.56481E+01  4.82700E+02
  4.75980E-01  1.30544E+00  1.18840E+01  6.44810E+01  5.24186E+02
  4.70980E-01  1.28783E+00  1.18886E+01  6.33061E+01  5.69954E+02
  4.65980E-01  1.27004E+00  1.18927E+01  6.21240E+01  6.20574E+02
  4.60980E-01  1.25210E+00  1.18968E+01  6.09351E+01  6.76593E+02
  4.55980E-01  1.23399E+00  1.19005E+01  5.97402E+01  7.38500E+02
  4.50980E-01  1.21572E+00  1.19038E+01  5.85401E+01  8.07259E+02
  4.45980E-01  1.19731E+00  1.19072E+01  5.73353E+01  8.83616E+02
  4.40980E-01  1.17875E+00  1.19101E+01  5.61264E+01  9.68687E+02
  4.35980E-01  1.16005E+00  1.19128E+01  5.49142E+01  1.06321E+03
  4.30980E-01  1.14122E+00  1.19154E+01  5.36997E+01  1.16891E+03
  4.25980E-01  1.12227E+00  1.19177E+01  5.24832E+01  1.28677E+03
  4.20980E-01  1.10319E+00  1.19197E+01  5.12656E+01  1.41889E+03
  4.15980E-01  1.08400E+00  1.19218E+01  5.00479E+01  1.56709E+03
  4.10980E-01  1.06471E+00  1.19236E+01  4.88307E+01  1.73305E+03
  4.05980E-01  1.04532E+00  1.19251E+01  4.76147E+01  1.92017E+03
  4.00980E-01  1.02585E+00  1.19267E+01  4.64010E+01  2.13079E+03
  3.95980E-01  1.00629E+00  1.19283E+01  4.51902E+01  2.36845E+03
  3.90980E-01  9.86664E-01  1.19296E+01  4.39832E+01  2.63752E+03
  3.85980E-01  9.66974E-01  1.19309E+01  4.27810E+01  2.94182E+03
  3.80980E-01  9.47229E-01  1.19322E+01  4.15841E+01  3.28750E+03
  3.75980E-01  9.27441E-01  1.19338E+01  4.03936E+01  3.68097E+03
  3.70980E-01  9.07621E-01  1.19354E+01  3.92104E+01  4.12805E+03
  3.65980E-01  8.87775E-01  1.19369E+01  3.80351E+01  4.64027E+03
  3.60980E-01  8.67916E-01  1.19388E+01  3.68688E+01  5.22386E+03
  3.55980E-01  8.48053E-01  1.19409E+01  3.57122E+01  5.89387E+03
  3.50980E-01  8.28198E-01  1.19435E+01  3.45662E+01  6.66443E+03
  3.45980E-01  8.08365E-01  1.19462E+01  3.34317E+01  7.54916E+03
  3.40980E-01  7.88559E-01  1.19495E+01  3.23094E+01  8.57315E+03
  3.35980E-01  7.68796E-01  1.19534E+01  3.12003E+01  9.75394E+03
  3.30980E-01  7.49088E-01  1.19578E+01  3.01052E+01  1.11235E+04
  3.25980E-01  7.29445E-01  1.19632E+01  2.90247E+01  1.27147E+04
  3.20980E-01  7.09879E-01  1.19692E+01  2.79596E+01  1.45678E+04
  3.15980E-01  6.90406E-01  1.19766E+01  2.69110E+01  1.67348E+04
  3.10980E-01  6.71033E-01  1.19849E+01  2.58793E+01  1.92659E+04
  3.05980E-01  6.51775E-01  1.19947E+01  2.48653E+01  2.22403E+04
  3.00980E-01  6.32647E-01  1.20058E+01  2.38698E+01  2.57315E+04
  2.95980E-01  6.13658E-01  1.20185E+01  2.28933E+01  2.98592E+04
  2.90980E-01  5.94824E-01  1.20333E+01  2.19366E+01  3.47386E+04
  2.85980E-01  5.76155E-01  1.20500E+01  2.10002E+01  4.05331E+04
  2.80980E-01  5.57667E-01  1.20693E+01  2.00848E+01  4.74223E+04
  2.75980E-01  5.39368E-01  1.20912E+01  1.91908E+01  5.56584E+04
  2.70980E-01  5.21277E-01  1.21161E+01  1.83189E+01  6.55142E+04
  2.65980E-01  5.03403E-01  1.21443E+01  1.74694E+01  7.73425E+04
  2.60980E-01  4.85760E-01  1.21763E+01  1.66427E+01  9.15946E+04
  2.55980E-01  4.68360E-01  1.22127E+01  1.58394E+01  1.08848E+05
  2.50980E-01  4.51216E-01  1.22536E+01  1.50597E+01  1.29696E+05
  2.45980E-01  4.34338E-01  1.23003E+01  1.43039E+01  1.55153E+05
  2.40980E-01  4.17741E-01  1.23530E+01  1.35724E+01  1.86294E+05
  2.35980E-01  4.01436E-01  1.24121E+01  1.28652E+01  2.24305E+05
  2.30980E-01  3.85434E-01  1.24787E+01  1.21827E+01  2.71263E+05
  2.25980E-01  3.69748E-01  1.25539E+01  1.15249E+01  3.29120E+05
  2.20980E-01  3.54387E-01  1.26394E+01  1.08919E+01  4.00886E+05
  2.15980E-01  3.39364E-01  1.27355E+01  1.02839E+01  4.90356E+05
  2.10980E-01  3.24688E-01  1.28432E+01  9.70071E+00  6.01972E+05
  2.05980E-01  3.10369E-01  1.29662E+01  9.14232E+00  7.42141E+05
  2.00980E-01  2.96417E-01  1.31043E+01  8.60865E+00  9.18985E+05
  1.95980E-01  2.82841E-01  1.32610E+01  8.09967E+00  1.14275E+06
  1.90980E-01  2.69649E-01  1.34396E+01  7.61506E+00  1.42701E+06
  1.85980E-01  2.56850E-01  1.36409E+01  7.15471E+00  1.79029E+06
  1.80980E-01  2.44452E-01  1.38716E+01  6.71836E+00  2.25635E+06
  1.75980E-01  2.32462E-01  1.41338E+01  6.30575E+00  2.85779E+06
  1.70980E-01  2.20887E-01  1.44348E+01  5.91654E+00  3.63673E+06
  1.65980E-01  2.09733E-01  1.47813E+01  5.55055E+00  4.64829E+06
  1.60980E-01  1.99007E-01  1.51792E+01  5.20742E+00  5.97546E+06
  1.55980E-01  1.88713E-01  1.56412E+01  4.88676E+00  7.72072E+06
  1.50980E-01  1.78857E-01  1.61795E+01  4.58832E+00  1.00200E+07
  1.45980E-01  1.69442E-01  1.68085E+01  4.31178E+00  1.30860E+07
  1.40980E-01  1.60475E-01  1.75509E+01  4.05695E+00  1.71814E+07
  1.35980E-01  1.51957E-01  1.84319E+01  3.82358E+00  2.26995E+07
  1.30980E-01  1.43895E-01  1.94906E+01  3.61179E+00  3.01763E+07
  1.25980E-01  1.36290E-01  2.07713E+01  3.42149E+00  4.04262E+07
  1.20980E-01  1.29148E-01  2.23429E+01  3.25323E+00  5.46878E+07
  1.15980E-01  1.22474E-01  2.43017E+01  3.10783E+00  7.48847E+07
  1.10980E-01  1.16271E-01  2.67819E+01  2.98665E+00  1.04484E+08
  1.05980E-01  1.10549E-01  2.99896E+01  2.89245E+00  1.50467E+08
  1.00980E-01  1.05316E-01  3.42393E+01  2.83008E+00  2.29372E+08
  9.59800E-02  1.00587E-01  4.00927E+01  2.80930E+00  3.90193E+08
  9.09800E-02  9.63860E-02  4.84605E+01  2.84969E+00  8.13825E+08
  8.59800E-02  9.27526E-02  6.12266E+01  3.00052E+00  2.38936E+09
  8.09800E-02  8.99743E-02  8.04047E+01  3.36252E+00  9.98746E+09
