  1.10098E+00  2.04479E+00  1.01139E+01  9.80419E+01  5.53319E+00
  1.09598E+00  2.04373E+00  1.01270E+01  9.81316E+01  5.63733E+00
  1.09098E+00  2.04262E+00  1.01400E+01  9.82179E+01  5.74436E+00
  1.08598E+00  2.04145E+00  1.01530E+01  9.83007E+01  5.85525E+00
  1.08098E+00  2.04024E+00  1.01662E+01  9.83799E+01  5.96883E+00
  1.07598E+00  2.03897E+00  1.01793E+01  9.84554E+01  6.08630E+00
  1.07098E+00  2.03766E+00  1.01925E+01  9.85271E+01  6.20665E+00
  1.06598E+00  2.03628E+00  1.02057E+01  9.85949E+01  6.33171E+00
  1.06098E+00  2.03485E+00  1.02190E+01  9.86588E+01  6.45945E+00
  1.05598E+00  2.03336E+00  1.02323E+01  9.87186E+01  6.59244E+00
  1.05098E+00  2.03182E+00  1.02456E+01  9.87743E+01  6.72915E+00
  1.04598E+00  2.03022E+00  1.02589E+01  9.88258E+01  6.87040E+00
  1.04098E+00  2.02855E+00  1.02723E+01  9.88729E+01  7.01617E+00
  1.03598E+00  2.02683E+00  1.02857E+01  9.89157E+01  7.16603E+00
  1.03098E+00  2.02505E+00  1.02992E+01  9.89539E+01  7.32167E+00
  1.02598E+00  2.02320E+00  1.03126E+01  9.89875E+01  7.48146E+00
  1.02098E+00  2.02129E+00  1.03262E+01  9.90163E+01  7.64721E+00
  1.01598E+00  2.01931E+00  1.03396E+01  9.90404E+01  7.81811E+00
  1.01098E+00  2.01727E+00  1.03532E+01  9.90596E+01  7.99538E+00
  1.00598E+00  2.01516E+00  1.03668E+01  9.90737E+01  8.17784E+00
  1.00098E+00  2.01299E+00  1.03804E+01  9.90827E+01  8.36731E+00
  9.95980E-01  2.01074E+00  1.03940E+01  9.90865E+01  8.56273E+00
  9.90980E-01  2.00842E+00  1.04076E+01  9.90850E+01  8.76458E+00
  9.85980E-01  2.00604E+00  1.04213E+01  9.90780E+01  8.97404E+00
  9.80980E-01  2.00357E+00  1.04350E+01  9.90655E+01  9.19071E+00
  9.75980E-01  2.00104E+00  1.04486E+01  9.90474E+01  9.41537E+00
  9.70980E-01  1.99843E+00  1.04624E+01  9.90235E+01  9.64793E+00
  9.65980E-01  1.99575E+00  1.04761E+01  9.89937E+01  9.88800E+00
  9.60980E-01  1.99298E+00  1.04898E+01  9.89580E+01  1.01380E+01
  9.55980E-01  1.99014E+00  1.05036E+01  9.89161E+01  1.03954E+01
  9.50980E-01  1.98722E+00  1.05174E+01  9.88681E+01  1.06641E+01
  9.45980E-01  1.98422E+00  1.05312E+01  9.88137E+01  1.09422E+01
  9.40980E-01  1.98113E+00  1.05449E+01  9.87529E+01  1.12309E+01
  9.35980E-01  1.97797E+00  1.05588E+01  9.86856E+01  1.15306E+01
  9.30980E-01  1.97471E+00  1.05726E+01  9.86116E+01  1.18405E+01
  9.25980E-01  1.97137E+00  1.05863E+01  9.85308E+01  1.21634E+01
  9.20980E-01  1.96795E+00  1.06002E+01  9.84431E+01  1.24984E+01
  9.15980E-01  1.96443E+00  1.06140E+01  9.83484E+01  1.28460E+01
  9.10980E-01  1.96082E+00  1.06277E+01  9.82466E+01  1.32093E+01
  9.05980E-01  1.95713E+00  1.06416E+01  9.81375E+01  1.35846E+01
  9.00980E-01  1.95334E+00  1.06554E+01  9.80211E+01  1.39758E+01
  8.95980E-01  1.94945E+00  1.06692E+01  9.78971E+01  1.43837E+01
  8.90980E-01  1.94547E+00  1.06830E+01  9.77655E+01  1.48053E+01
  8.85980E-01  1.94139E+00  1.06968E+01  9.76263E+01  1.52475E+01
  8.80980E-01  1.93722E+00  1.07105E+01  9.74791E+01  1.57078E+01
  8.75980E-01  1.93294E+00  1.07243E+01  9.73240E+01  1.61855E+01
  8.70980E-01  1.92857E+00  1.07381E+01  9.71608E+01  1.66850E+01
  8.65980E-01  1.92409E+00  1.07518E+01  9.69894E+01  1.72049E+01
  8.60980E-01  1.91951E+00  1.07655E+01  9.68096E+01  1.77451E+01
  8.55980E-01  1.91482E+00  1.07793E+01  9.66214E+01  1.83113E+01
  8.50980E-01  1.91002E+00  1.07929E+01  9.64246E+01  1.89027E+01
  8.45980E-01  1.90512E+00  1.08066E+01  9.62191E+01  1.95176E+01
  8.40980E-01  1.90010E+00  1.08202E+01  9.60048E+01  2.01625E+01
  8.35980E-01  1.89498E+00  1.08338E+01  9.57815E+01  2.08352E+01
  8.30980E-01  1.88974E+00  1.08474E+01  9.55492E+01  2.15344E+01
  8.25980E-01  1.88439E+00  1.08609E+01  9.53077E+01  2.22707E+01
  8.20980E-01  1.87892E+00  1.08744E+01  9.50570E+01  2.30416E+01
  8.15980E-01  1.87334E+00  1.08878E+01  9.47968E+01  2.38444E+01
  8.10980E-01  1.86763E+00  1.09013E+01  9.45271E+01  2.46863E+01
  8.05980E-01  1.86181E+00  1.09146E+01  9.42478E+01  2.55702E+01
  8.00980E-01  1.85587E+00  1.09280E+01  9.39587E+01  2.64931E+01
  7.95980E-01  1.84980E+00  1.09413E+01  9.36597E+01  2.74614E+01
  7.90980E-01  1.84361E+00  1.09545E+01  9.33508E+01  2.84789E+01
  7.85980E-01  1.83729E+00  1.09677E+01  9.30318E+01  2.95461E+01
  7.80980E-01  1.83084E+00  1.09808E+01  9.27027E+01  3.06636E+01
  7.75980E-01  1.82427E+00  1.09939E+01  9.23632E+01  3.18371E+01
  7.70980E-01  1.81756E+00  1.10070E+01  9.20134E+01  3.30719E+01
  7.65980E-01  1.81073E+00  1.10198E+01  9.16530E+01  3.43716E+01
  7.60980E-01  1.80376E+00  1.10327E+01  9.12821E+01  3.57335E+01
  7.55980E-01  1.79665E+00  1.10456E+01  9.09005E+01  3.71686E+01
  7.50980E-01  1.78941E+00  1.10582E+01  9.05081E+01  3.86807E+01
  7.45980E-01  1.78203E+00  1.10710E+01  9.01049E+01  4.02714E+01
  7.40980E-01  1.77452E+00  1.10835E+01  8.96906E+01  4.19481E+01
  7.35980E-01  1.76686E+00  1.10960E+01  8.92655E+01  4.37155E+01
  7.30980E-01  1.75906E+00  1.11084E+01  8.88291E+01  4.55822E+01
  7.25980E-01  1.75112E+00  1.11207E+01  8.83816E+01  4.75495E+01
  7.20980E-01  1.74303E+00  1.11330E+01  8.79229E+01  4.96230E+01
  7.15980E-01  1.73480E+00  1.11450E+01  8.74528E+01  5.18171E+01
  7.10980E-01  1.72642E+00  1.11571E+01  8.69712E+01  5.41377E+01
  7.05980E-01  1.71790E+00  1.11691E+01  8.64783E+01  5.65931E+01
  7.00980E-01  1.70922E+00  1.11808E+01  8.59739E+01  5.91885E+01
  6.95980E-01  1.70039E+00  1.11926E+01  8.54579E+01  6.19324E+01
  6.90980E-01  1.69142E+00  1.12041E+01  8.49304E+01  6.48432E+01
  6.85980E-01  1.68229E+00  1.12156E+01  8.43912E+01  6.79277E+01
  6.80980E-01  1.67300E+00  1.12270E+01  8.38403E+01  7.12002E+01
  6.75980E-01  1.66356E+00  1.12382E+01  8.32777E+01  7.46766E+01
  6.70980E-01  1.65397E+00  1.12494E+01  8.27036E+01  7.83640E+01
  6.65980E-01  1.64421E+00  1.12603E+01  8.21175E+01  8.22900E+01
  6.60980E-01  1.63430E+00  1.12712E+01  8.15198E+01  8.64595E+01
  6.55980E-01  1.62423E+00  1.12819E+01  8.09103E+01  9.08904E+01
  6.50980E-01  1.61401E+00  1.12924E+01  8.02893E+01  9.56047E+01
  6.45980E-01  1.60361E+00  1.13028E+01  7.96564E+01  1.00632E+02
  6.40980E-01  1.59306E+00  1.13130E+01  7.90117E+01  1.06007E+02
  6.35980E-01  1.58235E+00  1.13232E+01  7.83555E+01  1.11730E+02
  6.30980E-01  1.57147E+00  1.13331E+01  7.76875E+01  1.17841E+02
  6.25980E-01  1.56044E+00  1.13429E+01  7.70080E+01  1.24359E+02
  6.20980E-01  1.54924E+00  1.13525E+01  7.63171E+01  1.31346E+02
  6.15980E-01  1.53787E+00  1.13619E+01  7.56146E+01  1.38813E+02
  6.10980E-01  1.52634E+00  1.13712E+01  7.49007E+01  1.46801E+02
  6.05980E-01  1.51464E+00  1.13803E+01  7.41754E+01  1.55353E+02
  6.00980E-01  1.50278E+00  1.13892E+01  7.34390E+01  1.64549E+02
  5.95980E-01  1.49076E+00  1.13979E+01  7.26915E+01  1.74410E+02
  5.90980E-01  1.47857E+00  1.14065E+01  7.19330E+01  1.84994E+02
  5.85980E-01  1.46621E+00  1.14148E+01  7.11633E+01  1.96379E+02
  5.80980E-01  1.45369E+00  1.14229E+01  7.03831E+01  2.08622E+02
  5.75980E-01  1.44101E+00  1.14308E+01  6.95923E+01  2.21830E+02
  5.70980E-01  1.42816E+00  1.14386E+01  6.87909E+01  2.36035E+02
  5.65980E-01  1.41515E+00  1.14461E+01  6.79793E+01  2.51367E+02
  5.60980E-01  1.40197E+00  1.14535E+01  6.71574E+01  2.67914E+02
  5.55980E-01  1.38863E+00  1.14605E+01  6.63256E+01  2.85831E+02
  5.50980E-01  1.37513E+00  1.14675E+01  6.54840E+01  3.05170E+02
  5.45980E-01  1.36147E+00  1.14741E+01  6.46329E+01  3.26105E+02
  5.40980E-01  1.34764E+00  1.14805E+01  6.37725E+01  3.48841E+02
  5.35980E-01  1.33366E+00  1.14868E+01  6.29029E+01  3.73467E+02
  5.30980E-01  1.31952E+00  1.14929E+01  6.20246E+01  4.00234E+02
  5.25980E-01  1.30522E+00  1.14986E+01  6.11376E+01  4.29291E+02
  5.20980E-01  1.29077E+00  1.15041E+01  6.02424E+01  4.60947E+02
  5.15980E-01  1.27616E+00  1.15095E+01  5.93391E+01  4.95460E+02
  5.10980E-01  1.26141E+00  1.15145E+01  5.84281E+01  5.33031E+02
  5.05980E-01  1.24650E+00  1.15195E+01  5.75096E+01  5.74003E+02
  5.00980E-01  1.23145E+00  1.15240E+01  5.65841E+01  6.18886E+02
  4.95980E-01  1.21625E+00  1.15285E+01  5.56519E+01  6.67893E+02
  4.90980E-01  1.20090E+00  1.15326E+01  5.47132E+01  7.21520E+02
  4.85980E-01  1.18542E+00  1.15366E+01  5.37685E+01  7.80601E+02
  4.80980E-01  1.16980E+00  1.15403E+01  5.28181E+01  8.45429E+02
  4.75980E-01  1.15404E+00  1.15437E+01  5.18626E+01  9.16571E+02
  4.70980E-01  1.13815E+00  1.15471E+01  5.09022E+01  9.94758E+02
  4.65980E-01  1.12214E+00  1.15502E+01  4.99372E+01  1.08119E+03
  4.60980E-01  1.10600E+00  1.15531E+01  4.89685E+01  1.17656E+03
  4.55980E-01  1.08973E+00  1.15558E+01  4.79961E+01  1.28185E+03
  4.50980E-01  1.07335E+00  1.15581E+01  4.70206E+01  1.39855E+03
  4.45980E-01  1.05686E+00  1.15606E+01  4.60425E+01  1.52766E+03
  4.40980E-01  1.04026E+00  1.15627E+01  4.50622E+01  1.67111E+03
  4.35980E-01  1.02355E+00  1.15645E+01  4.40804E+01  1.83088E+03
  4.30980E-01  1.00674E+00  1.15666E+01  4.30975E+01  2.00804E+03
  4.25980E-01  9.89839E-01  1.15682E+01  4.21139E+01  2.20605E+03
  4.20980E-01  9.72847E-01  1.15696E+01  4.11303E+01  2.42754E+03
  4.15980E-01  9.55771E-01  1.15713E+01  4.01472E+01  2.67433E+03
  4.10980E-01  9.38616E-01  1.15726E+01  3.91651E+01  2.95142E+03
  4.05980E-01  9.21388E-01  1.15738E+01  3.81847E+01  3.26272E+03
  4.00980E-01  9.04091E-01  1.15753E+01  3.72063E+01  3.61194E+03
  3.95980E-01  8.86736E-01  1.15767E+01  3.62309E+01  4.00585E+03
  3.90980E-01  8.69325E-01  1.15778E+01  3.52587E+01  4.45035E+03
  3.85980E-01  8.51867E-01  1.15792E+01  3.42905E+01  4.95308E+03
  3.80980E-01  8.34369E-01  1.15809E+01  3.33269E+01  5.52064E+03
  3.75980E-01  8.16838E-01  1.15826E+01  3.23685E+01  6.16775E+03
  3.70980E-01  7.99282E-01  1.15843E+01  3.14159E+01  6.90047E+03
  3.65980E-01  7.81706E-01  1.15863E+01  3.04696E+01  7.73839E+03
  3.60980E-01  7.64121E-01  1.15890E+01  2.95305E+01  8.69133E+03
  3.55980E-01  7.46535E-01  1.15919E+01  2.85990E+01  9.78477E+03
  3.50980E-01  7.28955E-01  1.15950E+01  2.76758E+01  1.10401E+04
  3.45980E-01  7.11391E-01  1.15987E+01  2.67616E+01  1.24781E+04
  3.40980E-01  6.93851E-01  1.16029E+01  2.58569E+01  1.41410E+04
  3.35980E-01  6.76345E-01  1.16083E+01  2.49624E+01  1.60556E+04
  3.30980E-01  6.58884E-01  1.16142E+01  2.40788E+01  1.82704E+04
  3.25980E-01  6.41475E-01  1.16211E+01  2.32066E+01  2.08507E+04
  3.20980E-01  6.24126E-01  1.16290E+01  2.23464E+01  2.38433E+04
  3.15980E-01  6.06853E-01  1.16380E+01  2.14989E+01  2.73385E+04
  3.10980E-01  5.89661E-01  1.16485E+01  2.06647E+01  3.14217E+04
  3.05980E-01  5.72566E-01  1.16604E+01  1.98444E+01  3.62254E+04
  3.00980E-01  5.55572E-01  1.16742E+01  1.90383E+01  4.18647E+04
  2.95980E-01  5.38696E-01  1.16899E+01  1.82473E+01  4.85273E+04
  2.90980E-01  5.21943E-01  1.17080E+01  1.74717E+01  5.64133E+04
  2.85980E-01  5.05332E-01  1.17286E+01  1.67123E+01  6.57604E+04
  2.80980E-01  4.88867E-01  1.17519E+01  1.59693E+01  7.68881E+04
  2.75980E-01  4.72562E-01  1.17783E+01  1.52434E+01  9.01923E+04
  2.70980E-01  4.56430E-01  1.18086E+01  1.45349E+01  1.06157E+05
  2.65980E-01  4.40482E-01  1.18428E+01  1.38444E+01  1.25316E+05
  2.60980E-01  4.24730E-01  1.18817E+01  1.31722E+01  1.48512E+05
  2.55980E-01  4.09184E-01  1.19255E+01  1.25188E+01  1.76574E+05
  2.50980E-01  3.93857E-01  1.19751E+01  1.18843E+01  2.10636E+05
  2.45980E-01  3.78761E-01  1.20312E+01  1.12693E+01  2.52343E+05
  2.40980E-01  3.63909E-01  1.20941E+01  1.06740E+01  3.03497E+05
  2.35980E-01  3.49309E-01  1.21653E+01  1.00986E+01  3.66225E+05
  2.30980E-01  3.34977E-01  1.22465E+01  9.54347E+00  4.43890E+05
  2.25980E-01  3.20924E-01  1.23388E+01  9.00872E+00  5.40141E+05
  2.20980E-01  3.07160E-01  1.24423E+01  8.49450E+00  6.60389E+05
  2.15980E-01  2.93697E-01  1.25590E+01  8.00099E+00  8.10695E+05
  2.10980E-01  2.80547E-01  1.26934E+01  7.52817E+00  9.99547E+05
  2.05980E-01  2.67720E-01  1.28449E+01  7.07617E+00  1.23857E+06
  2.00980E-01  2.55228E-01  1.30173E+01  6.64507E+00  1.54203E+06
  1.95980E-01  2.43081E-01  1.32151E+01  6.23476E+00  1.92848E+06
  1.90980E-01  2.31290E-01  1.34398E+01  5.84518E+00  2.42477E+06
  1.85980E-01  2.19864E-01  1.37000E+01  5.47633E+00  3.06485E+06
  1.80980E-01  2.08813E-01  1.39967E+01  5.12804E+00  3.89329E+06
  1.75980E-01  1.98148E-01  1.43410E+01  4.80026E+00  4.97294E+06
  1.70980E-01  1.87877E-01  1.47419E+01  4.49278E+00  6.38606E+06
  1.65980E-01  1.78010E-01  1.52059E+01  4.20554E+00  8.25072E+06
  1.60980E-01  1.68554E-01  1.57550E+01  3.93835E+00  1.07209E+07
  1.55980E-01  1.59520E-01  1.64006E+01  3.69116E+00  1.40166E+07
  1.50980E-01  1.50913E-01  1.71664E+01  3.46378E+00  1.84492E+07
  1.45980E-01  1.42745E-01  1.80853E+01  3.25637E+00  2.44450E+07
  1.40980E-01  1.35021E-01  1.91985E+01  3.06894E+00  3.26509E+07
  1.35980E-01  1.27752E-01  2.05628E+01  2.90194E+00  4.40151E+07
  1.30980E-01  1.20944E-01  2.22596E+01  2.75592E+00  6.00534E+07
  1.25980E-01  1.14610E-01  2.44033E+01  2.63211E+00  8.33348E+07
  1.20980E-01  1.08759E-01  2.71651E+01  2.53252E+00  1.18852E+08
  1.15980E-01  1.03404E-01  3.08090E+01  2.46074E+00  1.77685E+08
  1.10980E-01  9.85610E-02  3.57501E+01  2.42326E+00  2.90222E+08
  1.05980E-01  9.42515E-02  4.27031E+01  2.43333E+00  5.58425E+08
  1.00980E-01  9.05170E-02  5.30895E+01  2.52272E+00  1.43549E+09
  9.59800E-02  8.73975E-02  6.95706E+01  2.76965E+00  5.61599E+09
  9.09800E-02  8.50743E-02  9.80709E+01  3.43750E+00  3.72082E+10
  8.59800E-02  8.38942E-02  1.40987E+02  5.05250E+00  2.97020E+11
  8.09800E-02  8.36787E-02  2.50660E+02  1.39390E+01  8.71123E+12
