  9.95980E-01  2.16271E+00  1.06537E+01  1.15476E+02  5.34120E+00
  9.90980E-01  2.16160E+00  1.06687E+01  1.15603E+02  5.44940E+00
  9.85980E-01  2.16042E+00  1.06838E+01  1.15724E+02  5.56114E+00
  9.80980E-01  2.15918E+00  1.06989E+01  1.15841E+02  5.67648E+00
  9.75980E-01  2.15788E+00  1.07140E+01  1.15952E+02  5.79569E+00
  9.70980E-01  2.15651E+00  1.07292E+01  1.16059E+02  5.91838E+00
  9.65980E-01  2.15507E+00  1.07444E+01  1.16159E+02  6.04598E+00
  9.60980E-01  2.15356E+00  1.07596E+01  1.16255E+02  6.17750E+00
  9.55980E-01  2.15198E+00  1.07749E+01  1.16344E+02  6.31342E+00
  9.50980E-01  2.15033E+00  1.07903E+01  1.16428E+02  6.45434E+00
  9.45980E-01  2.14860E+00  1.08056E+01  1.16506E+02  6.59984E+00
  9.40980E-01  2.14680E+00  1.08211E+01  1.16577E+02  6.75054E+00
  9.35980E-01  2.14493E+00  1.08365E+01  1.16642E+02  6.90612E+00
  9.30980E-01  2.14297E+00  1.08520E+01  1.16701E+02  7.06809E+00
  9.25980E-01  2.14093E+00  1.08675E+01  1.16753E+02  7.23551E+00
  9.20980E-01  2.13881E+00  1.08831E+01  1.16799E+02  7.40852E+00
  9.15980E-01  2.13661E+00  1.08986E+01  1.16837E+02  7.58863E+00
  9.10980E-01  2.13433E+00  1.09143E+01  1.16869E+02  7.77480E+00
  9.05980E-01  2.13196E+00  1.09299E+01  1.16893E+02  7.96778E+00
  9.00980E-01  2.12950E+00  1.09456E+01  1.16909E+02  8.16860E+00
  8.95980E-01  2.12695E+00  1.09613E+01  1.16918E+02  8.37685E+00
  8.90980E-01  2.12431E+00  1.09770E+01  1.16920E+02  8.59278E+00
  8.85980E-01  2.12157E+00  1.09928E+01  1.16913E+02  8.81743E+00
  8.80980E-01  2.11874E+00  1.10085E+01  1.16898E+02  9.05041E+00
  8.75980E-01  2.11582E+00  1.10243E+01  1.16875E+02  9.29269E+00
  8.70980E-01  2.11279E+00  1.10401E+01  1.16843E+02  9.54420E+00
  8.65980E-01  2.10967E+00  1.10559E+01  1.16803E+02  9.80659E+00
  8.60980E-01  2.10644E+00  1.10718E+01  1.16753E+02  1.00788E+01
  8.55980E-01  2.10311E+00  1.10877E+01  1.16695E+02  1.03628E+01
  8.50980E-01  2.09967E+00  1.11036E+01  1.16627E+02  1.06580E+01
  8.45980E-01  2.09613E+00  1.11195E+01  1.16550E+02  1.09660E+01
  8.40980E-01  2.09248E+00  1.11354E+01  1.16463E+02  1.12855E+01
  8.35980E-01  2.08871E+00  1.11512E+01  1.16366E+02  1.16201E+01
  8.30980E-01  2.08483E+00  1.11672E+01  1.16260E+02  1.19679E+01
  8.25980E-01  2.08083E+00  1.11831E+01  1.16142E+02  1.23318E+01
  8.20980E-01  2.07672E+00  1.11990E+01  1.16015E+02  1.27107E+01
  8.15980E-01  2.07248E+00  1.12149E+01  1.15877E+02  1.31065E+01
  8.10980E-01  2.06812E+00  1.12308E+01  1.15727E+02  1.35196E+01
  8.05980E-01  2.06364E+00  1.12467E+01  1.15567E+02  1.39519E+01
  8.00980E-01  2.05903E+00  1.12626E+01  1.15396E+02  1.44031E+01
  7.95980E-01  2.05430E+00  1.12785E+01  1.15213E+02  1.48762E+01
  7.90980E-01  2.04943E+00  1.12944E+01  1.15018E+02  1.53696E+01
  7.85980E-01  2.04443E+00  1.13102E+01  1.14811E+02  1.58858E+01
  7.80980E-01  2.03929E+00  1.13260E+01  1.14592E+02  1.64292E+01
  7.75980E-01  2.03401E+00  1.13419E+01  1.14361E+02  1.69961E+01
  7.70980E-01  2.02860E+00  1.13577E+01  1.14117E+02  1.75899E+01
  7.65980E-01  2.02304E+00  1.13734E+01  1.13860E+02  1.82142E+01
  7.60980E-01  2.01734E+00  1.13892E+01  1.13591E+02  1.88685E+01
  7.55980E-01  2.01149E+00  1.14049E+01  1.13308E+02  1.95548E+01
  7.50980E-01  2.00549E+00  1.14205E+01  1.13012E+02  2.02766E+01
  7.45980E-01  1.99934E+00  1.14362E+01  1.12702E+02  2.10337E+01
  7.40980E-01  1.99304E+00  1.14517E+01  1.12378E+02  2.18319E+01
  7.35980E-01  1.98658E+00  1.14673E+01  1.12040E+02  2.26700E+01
  7.30980E-01  1.97996E+00  1.14828E+01  1.11688E+02  2.35504E+01
  7.25980E-01  1.97318E+00  1.14982E+01  1.11321E+02  2.44805E+01
  7.20980E-01  1.96623E+00  1.15136E+01  1.10940E+02  2.54583E+01
  7.15980E-01  1.95912E+00  1.15289E+01  1.10544E+02  2.64909E+01
  7.10980E-01  1.95184E+00  1.15442E+01  1.10133E+02  2.75790E+01
  7.05980E-01  1.94439E+00  1.15594E+01  1.09707E+02  2.87251E+01
  7.00980E-01  1.93677E+00  1.15744E+01  1.09265E+02  2.99392E+01
  6.95980E-01  1.92897E+00  1.15895E+01  1.08807E+02  3.12190E+01
  6.90980E-01  1.92100E+00  1.16044E+01  1.08334E+02  3.25748E+01
  6.85980E-01  1.91284E+00  1.16193E+01  1.07845E+02  3.40079E+01
  6.80980E-01  1.90450E+00  1.16341E+01  1.07339E+02  3.55216E+01
  6.75980E-01  1.89598E+00  1.16488E+01  1.06818E+02  3.71297E+01
  6.70980E-01  1.88726E+00  1.16634E+01  1.06279E+02  3.88304E+01
  6.65980E-01  1.87836E+00  1.16779E+01  1.05724E+02  4.06383E+01
  6.60980E-01  1.86927E+00  1.16923E+01  1.05152E+02  4.25543E+01
  6.55980E-01  1.85998E+00  1.17065E+01  1.04564E+02  4.45899E+01
  6.50980E-01  1.85050E+00  1.17206E+01  1.03958E+02  4.67527E+01
  6.45980E-01  1.84082E+00  1.17347E+01  1.03335E+02  4.90529E+01
  6.40980E-01  1.83093E+00  1.17486E+01  1.02695E+02  5.14989E+01
  6.35980E-01  1.82085E+00  1.17623E+01  1.02037E+02  5.41013E+01
  6.30980E-01  1.81056E+00  1.17759E+01  1.01362E+02  5.68842E+01
  6.25980E-01  1.80006E+00  1.17894E+01  1.00669E+02  5.98440E+01
  6.20980E-01  1.78935E+00  1.18027E+01  9.99586E+01  6.30099E+01
  6.15980E-01  1.77844E+00  1.18159E+01  9.92304E+01  6.63835E+01
  6.10980E-01  1.76731E+00  1.18289E+01  9.84843E+01  7.00047E+01
  6.05980E-01  1.75597E+00  1.18418E+01  9.77205E+01  7.38632E+01
  6.00980E-01  1.74441E+00  1.18544E+01  9.69390E+01  7.80017E+01
  5.95980E-01  1.73263E+00  1.18670E+01  9.61393E+01  8.24362E+01
  5.90980E-01  1.72064E+00  1.18792E+01  9.53219E+01  8.71892E+01
  5.85980E-01  1.70843E+00  1.18914E+01  9.44865E+01  9.22950E+01
  5.80980E-01  1.69599E+00  1.19033E+01  9.36334E+01  9.77814E+01
  5.75980E-01  1.68334E+00  1.19151E+01  9.27628E+01  1.03673E+02
  5.70980E-01  1.67046E+00  1.19266E+01  9.18742E+01  1.10014E+02
  5.65980E-01  1.65736E+00  1.19379E+01  9.09680E+01  1.16856E+02
  5.60980E-01  1.64403E+00  1.19490E+01  9.00442E+01  1.24228E+02
  5.55980E-01  1.63047E+00  1.19600E+01  8.91032E+01  1.32182E+02
  5.50980E-01  1.61669E+00  1.19705E+01  8.81450E+01  1.40784E+02
  5.45980E-01  1.60269E+00  1.19810E+01  8.71695E+01  1.50072E+02
  5.40980E-01  1.58845E+00  1.19912E+01  8.61770E+01  1.60136E+02
  5.35980E-01  1.57399E+00  1.20012E+01  8.51681E+01  1.71022E+02
  5.30980E-01  1.55931E+00  1.20108E+01  8.41426E+01  1.82866E+02
  5.25980E-01  1.54439E+00  1.20203E+01  8.31008E+01  1.95690E+02
  5.20980E-01  1.52926E+00  1.20295E+01  8.20431E+01  2.09659E+02
  5.15980E-01  1.51390E+00  1.20384E+01  8.09698E+01  2.24836E+02
  5.10980E-01  1.49831E+00  1.20470E+01  7.98811E+01  2.41409E+02
  5.05980E-01  1.48250E+00  1.20554E+01  7.87774E+01  2.59459E+02
  5.00980E-01  1.46647E+00  1.20636E+01  7.76590E+01  2.79159E+02
  4.95980E-01  1.45023E+00  1.20713E+01  7.65264E+01  3.00730E+02
  4.90980E-01  1.43376E+00  1.20790E+01  7.53800E+01  3.24263E+02
  4.85980E-01  1.41708E+00  1.20863E+01  7.42202E+01  3.50118E+02
  4.80980E-01  1.40018E+00  1.20933E+01  7.30474E+01  3.78449E+02
  4.75980E-01  1.38308E+00  1.20999E+01  7.18623E+01  4.09644E+02
  4.70980E-01  1.36577E+00  1.21063E+01  7.06652E+01  4.43895E+02
  4.65980E-01  1.34825E+00  1.21125E+01  6.94569E+01  4.81593E+02
  4.60980E-01  1.33053E+00  1.21183E+01  6.82377E+01  5.23290E+02
  4.55980E-01  1.31262E+00  1.21239E+01  6.70083E+01  5.69310E+02
  4.50980E-01  1.29451E+00  1.21293E+01  6.57694E+01  6.20152E+02
  4.45980E-01  1.27621E+00  1.21341E+01  6.45217E+01  6.76511E+02
  4.40980E-01  1.25773E+00  1.21390E+01  6.32656E+01  7.39023E+02
  4.35980E-01  1.23908E+00  1.21434E+01  6.20022E+01  8.08522E+02
  4.30980E-01  1.22025E+00  1.21475E+01  6.07320E+01  8.85739E+02
  4.25980E-01  1.20125E+00  1.21515E+01  5.94557E+01  9.71835E+02
  4.20980E-01  1.18209E+00  1.21552E+01  5.81742E+01  1.06792E+03
  4.15980E-01  1.16277E+00  1.21585E+01  5.68882E+01  1.17538E+03
  4.10980E-01  1.14331E+00  1.21618E+01  5.55986E+01  1.29575E+03
  4.05980E-01  1.12370E+00  1.21649E+01  5.43064E+01  1.43046E+03
  4.00980E-01  1.10396E+00  1.21676E+01  5.30122E+01  1.58236E+03
  3.95980E-01  1.08410E+00  1.21703E+01  5.17170E+01  1.75301E+03
  3.90980E-01  1.06411E+00  1.21729E+01  5.04217E+01  1.94524E+03
  3.85980E-01  1.04402E+00  1.21752E+01  4.91272E+01  2.16293E+03
  3.80980E-01  1.02383E+00  1.21775E+01  4.78345E+01  2.40897E+03
  3.75980E-01  1.00355E+00  1.21796E+01  4.65445E+01  2.68841E+03
  3.70980E-01  9.83185E-01  1.21819E+01  4.52581E+01  3.00536E+03
  3.65980E-01  9.62751E-01  1.21841E+01  4.39765E+01  3.36590E+03
  3.60980E-01  9.42255E-01  1.21863E+01  4.27005E+01  3.77853E+03
  3.55980E-01  9.21710E-01  1.21887E+01  4.14311E+01  4.24931E+03
  3.50980E-01  9.01126E-01  1.21909E+01  4.01694E+01  4.78948E+03
  3.45980E-01  8.80515E-01  1.21938E+01  3.89163E+01  5.40882E+03
  3.40980E-01  8.59888E-01  1.21968E+01  3.76729E+01  6.12047E+03
  3.35980E-01  8.39257E-01  1.22000E+01  3.64401E+01  6.94431E+03
  3.30980E-01  8.18634E-01  1.22038E+01  3.52189E+01  7.89579E+03
  3.25980E-01  7.98034E-01  1.22080E+01  3.40104E+01  8.99767E+03
  3.20980E-01  7.77468E-01  1.22130E+01  3.28154E+01  1.02785E+04
  3.15980E-01  7.56950E-01  1.22183E+01  3.16351E+01  1.17706E+04
  3.10980E-01  7.36491E-01  1.22249E+01  3.04702E+01  1.35135E+04
  3.05980E-01  7.16108E-01  1.22323E+01  2.93218E+01  1.55520E+04
  3.00980E-01  6.95816E-01  1.22410E+01  2.81909E+01  1.79486E+04
  2.95980E-01  6.75625E-01  1.22508E+01  2.70782E+01  2.07646E+04
  2.90980E-01  6.55551E-01  1.22621E+01  2.59847E+01  2.40986E+04
  2.85980E-01  6.35608E-01  1.22751E+01  2.49111E+01  2.80367E+04
  2.80980E-01  6.15813E-01  1.22900E+01  2.38584E+01  3.27258E+04
  2.75980E-01  5.96176E-01  1.23071E+01  2.28272E+01  3.82988E+04
  2.70980E-01  5.76716E-01  1.23264E+01  2.18184E+01  4.49788E+04
  2.65980E-01  5.57448E-01  1.23484E+01  2.08327E+01  5.29768E+04
  2.60980E-01  5.38385E-01  1.23738E+01  1.98708E+01  6.25985E+04
  2.55980E-01  5.19540E-01  1.24025E+01  1.89331E+01  7.42037E+04
  2.50980E-01  5.00928E-01  1.24356E+01  1.80202E+01  8.82717E+04
  2.45980E-01  4.82567E-01  1.24726E+01  1.71328E+01  1.05382E+05
  2.40980E-01  4.64469E-01  1.25150E+01  1.62714E+01  1.26205E+05
  2.35980E-01  4.46650E-01  1.25628E+01  1.54363E+01  1.51779E+05
  2.30980E-01  4.29122E-01  1.26164E+01  1.46280E+01  1.83227E+05
  2.25980E-01  4.11901E-01  1.26782E+01  1.38468E+01  2.21946E+05
  2.20980E-01  3.95000E-01  1.27475E+01  1.30929E+01  2.70071E+05
  2.15980E-01  3.78432E-01  1.28263E+01  1.23666E+01  3.29755E+05
  2.10980E-01  3.62211E-01  1.29151E+01  1.16680E+01  4.04481E+05
  2.05980E-01  3.46349E-01  1.30159E+01  1.09974E+01  4.98301E+05
  2.00980E-01  3.30857E-01  1.31306E+01  1.03545E+01  6.16270E+05
  1.95980E-01  3.15750E-01  1.32601E+01  9.73959E+00  7.66257E+05
  1.90980E-01  3.01037E-01  1.34072E+01  9.15251E+00  9.56563E+05
  1.85980E-01  2.86730E-01  1.35743E+01  8.59323E+00  1.20038E+06
  1.80980E-01  2.72839E-01  1.37658E+01  8.06146E+00  1.51262E+06
  1.75980E-01  2.59374E-01  1.39842E+01  7.55716E+00  1.91682E+06
  1.70980E-01  2.46344E-01  1.42341E+01  7.08000E+00  2.44114E+06
  1.65980E-01  2.33759E-01  1.45205E+01  6.62973E+00  3.12518E+06
  1.60980E-01  2.21627E-01  1.48500E+01  6.20606E+00  4.02217E+06
  1.55980E-01  2.09953E-01  1.52331E+01  5.80857E+00  5.20160E+06
  1.50980E-01  1.98748E-01  1.56768E+01  5.43707E+00  6.76658E+06
  1.45980E-01  1.88016E-01  1.61957E+01  5.09113E+00  8.85922E+06
  1.40980E-01  1.77765E-01  1.68041E+01  4.77048E+00  1.16625E+07
  1.35980E-01  1.68000E-01  1.75239E+01  4.47483E+00  1.54450E+07
  1.30980E-01  1.58726E-01  1.83808E+01  4.20392E+00  2.05875E+07
  1.25980E-01  1.49947E-01  1.94120E+01  3.95764E+00  2.76281E+07
  1.20980E-01  1.41671E-01  2.06648E+01  3.73615E+00  3.73609E+07
  1.15980E-01  1.33901E-01  2.22067E+01  3.53968E+00  5.09874E+07
  1.10980E-01  1.26641E-01  2.41300E+01  3.36889E+00  7.03586E+07
  1.05980E-01  1.19900E-01  2.65764E+01  3.22545E+00  9.88959E+07
  1.00980E-01  1.13685E-01  2.97513E+01  3.11184E+00  1.42984E+08
  9.59800E-02  1.08007E-01  3.39978E+01  3.03315E+00  2.17571E+08
  9.09800E-02  1.02882E-01  3.98648E+01  2.99912E+00  3.67246E+08
  8.59800E-02  9.83328E-02  4.83496E+01  3.03021E+00  7.57527E+08
  8.09800E-02  9.44097E-02  6.13571E+01  3.17707E+00  2.22373E+09
