  9.75980E-01  2.26700E+00  1.10958E+01  1.30359E+02  4.61917E+00
  9.70980E-01  2.26691E+00  1.11129E+01  1.30636E+02  4.70138E+00
  9.65980E-01  2.26677E+00  1.11302E+01  1.30910E+02  4.78609E+00
  9.60980E-01  2.26658E+00  1.11474E+01  1.31180E+02  4.87333E+00
  9.55980E-01  2.26633E+00  1.11648E+01  1.31447E+02  4.96302E+00
  9.50980E-01  2.26603E+00  1.11822E+01  1.31710E+02  5.05559E+00
  9.45980E-01  2.26568E+00  1.11997E+01  1.31969E+02  5.15123E+00
  9.40980E-01  2.26527E+00  1.12173E+01  1.32224E+02  5.24956E+00
  9.35980E-01  2.26481E+00  1.12349E+01  1.32475E+02  5.35094E+00
  9.30980E-01  2.26428E+00  1.12526E+01  1.32722E+02  5.45550E+00
  9.25980E-01  2.26370E+00  1.12704E+01  1.32964E+02  5.56340E+00
  9.20980E-01  2.26305E+00  1.12882E+01  1.33202E+02  5.67460E+00
  9.15980E-01  2.26235E+00  1.13061E+01  1.33436E+02  5.78950E+00
  9.10980E-01  2.26158E+00  1.13240E+01  1.33664E+02  5.90806E+00
  9.05980E-01  2.26074E+00  1.13420E+01  1.33887E+02  6.03063E+00
  9.00980E-01  2.25984E+00  1.13601E+01  1.34106E+02  6.15703E+00
  8.95980E-01  2.25887E+00  1.13782E+01  1.34318E+02  6.28779E+00
  8.90980E-01  2.25783E+00  1.13964E+01  1.34526E+02  6.42283E+00
  8.85980E-01  2.25672E+00  1.14147E+01  1.34727E+02  6.56231E+00
  8.80980E-01  2.25554E+00  1.14330E+01  1.34923E+02  6.70686E+00
  8.75980E-01  2.25429E+00  1.14513E+01  1.35113E+02  6.85619E+00
  8.70980E-01  2.25296E+00  1.14698E+01  1.35296E+02  7.01066E+00
  8.65980E-01  2.25155E+00  1.14882E+01  1.35474E+02  7.17037E+00
  8.60980E-01  2.25006E+00  1.15068E+01  1.35644E+02  7.33586E+00
  8.55980E-01  2.24850E+00  1.15254E+01  1.35808E+02  7.50700E+00
  8.50980E-01  2.24685E+00  1.15440E+01  1.35964E+02  7.68447E+00
  8.45980E-01  2.24512E+00  1.15627E+01  1.36114E+02  7.86833E+00
  8.40980E-01  2.24330E+00  1.15814E+01  1.36256E+02  8.05896E+00
  8.35980E-01  2.24140E+00  1.16002E+01  1.36391E+02  8.25634E+00
  8.30980E-01  2.23940E+00  1.16190E+01  1.36517E+02  8.46135E+00
  8.25980E-01  2.23732E+00  1.16379E+01  1.36636E+02  8.67407E+00
  8.20980E-01  2.23514E+00  1.16569E+01  1.36746E+02  8.89444E+00
  8.15980E-01  2.23287E+00  1.16758E+01  1.36848E+02  9.12385E+00
  8.10980E-01  2.23051E+00  1.16948E+01  1.36942E+02  9.36160E+00
  8.05980E-01  2.22804E+00  1.17139E+01  1.37026E+02  9.60855E+00
  8.00980E-01  2.22547E+00  1.17330E+01  1.37101E+02  9.86537E+00
  7.95980E-01  2.22281E+00  1.17521E+01  1.37166E+02  1.01325E+01
  7.90980E-01  2.22003E+00  1.17713E+01  1.37222E+02  1.04099E+01
  7.85980E-01  2.21715E+00  1.17905E+01  1.37268E+02  1.06989E+01
  7.80980E-01  2.21416E+00  1.18097E+01  1.37304E+02  1.09997E+01
  7.75980E-01  2.21106E+00  1.18289E+01  1.37329E+02  1.13124E+01
  7.70980E-01  2.20785E+00  1.18482E+01  1.37344E+02  1.16389E+01
  7.65980E-01  2.20452E+00  1.18675E+01  1.37347E+02  1.19785E+01
  7.60980E-01  2.20107E+00  1.18869E+01  1.37340E+02  1.23328E+01
  7.55980E-01  2.19750E+00  1.19062E+01  1.37320E+02  1.27027E+01
  7.50980E-01  2.19380E+00  1.19256E+01  1.37289E+02  1.30881E+01
  7.45980E-01  2.18999E+00  1.19450E+01  1.37246E+02  1.34903E+01
  7.40980E-01  2.18604E+00  1.19644E+01  1.37190E+02  1.39104E+01
  7.35980E-01  2.18197E+00  1.19839E+01  1.37122E+02  1.43489E+01
  7.30980E-01  2.17776E+00  1.20033E+01  1.37041E+02  1.48079E+01
  7.25980E-01  2.17341E+00  1.20228E+01  1.36946E+02  1.52880E+01
  7.20980E-01  2.16893E+00  1.20422E+01  1.36838E+02  1.57892E+01
  7.15980E-01  2.16430E+00  1.20617E+01  1.36715E+02  1.63142E+01
  7.10980E-01  2.15953E+00  1.20811E+01  1.36579E+02  1.68644E+01
  7.05980E-01  2.15462E+00  1.21006E+01  1.36428E+02  1.74411E+01
  7.00980E-01  2.14955E+00  1.21200E+01  1.36262E+02  1.80454E+01
  6.95980E-01  2.14433E+00  1.21395E+01  1.36080E+02  1.86782E+01
  6.90980E-01  2.13896E+00  1.21589E+01  1.35883E+02  1.93431E+01
  6.85980E-01  2.13342E+00  1.21783E+01  1.35671E+02  2.00409E+01
  6.80980E-01  2.12773E+00  1.21977E+01  1.35442E+02  2.07738E+01
  6.75980E-01  2.12187E+00  1.22170E+01  1.35196E+02  2.15447E+01
  6.70980E-01  2.11584E+00  1.22364E+01  1.34934E+02  2.23546E+01
  6.65980E-01  2.10965E+00  1.22557E+01  1.34654E+02  2.32069E+01
  6.60980E-01  2.10327E+00  1.22750E+01  1.34357E+02  2.41043E+01
  6.55980E-01  2.09672E+00  1.22943E+01  1.34041E+02  2.50494E+01
  6.50980E-01  2.08999E+00  1.23134E+01  1.33707E+02  2.60467E+01
  6.45980E-01  2.08308E+00  1.23326E+01  1.33355E+02  2.70967E+01
  6.40980E-01  2.07597E+00  1.23517E+01  1.32984E+02  2.82064E+01
  6.35980E-01  2.06868E+00  1.23707E+01  1.32592E+02  2.93773E+01
  6.30980E-01  2.06119E+00  1.23897E+01  1.32182E+02  3.06161E+01
  6.25980E-01  2.05351E+00  1.24086E+01  1.31751E+02  3.19254E+01
  6.20980E-01  2.04562E+00  1.24274E+01  1.31300E+02  3.33093E+01
  6.15980E-01  2.03752E+00  1.24462E+01  1.30827E+02  3.47773E+01
  6.10980E-01  2.02922E+00  1.24649E+01  1.30334E+02  3.63299E+01
  6.05980E-01  2.02071E+00  1.24835E+01  1.29819E+02  3.79795E+01
  6.00980E-01  2.01198E+00  1.25020E+01  1.29282E+02  3.97293E+01
  5.95980E-01  2.00303E+00  1.25204E+01  1.28723E+02  4.15856E+01
  5.90980E-01  1.99385E+00  1.25387E+01  1.28141E+02  4.35600E+01
  5.85980E-01  1.98445E+00  1.25569E+01  1.27536E+02  4.56600E+01
  5.80980E-01  1.97482E+00  1.25750E+01  1.26908E+02  4.78956E+01
  5.75980E-01  1.96496E+00  1.25929E+01  1.26256E+02  5.02726E+01
  5.70980E-01  1.95485E+00  1.26107E+01  1.25580E+02  5.28146E+01
  5.65980E-01  1.94451E+00  1.26285E+01  1.24880E+02  5.55217E+01
  5.60980E-01  1.93391E+00  1.26459E+01  1.24155E+02  5.84189E+01
  5.55980E-01  1.92307E+00  1.26634E+01  1.23405E+02  6.15084E+01
  5.50980E-01  1.91197E+00  1.26805E+01  1.22630E+02  6.48200E+01
  5.45980E-01  1.90062E+00  1.26977E+01  1.21829E+02  6.83621E+01
  5.40980E-01  1.88901E+00  1.27145E+01  1.21002E+02  7.21608E+01
  5.35980E-01  1.87713E+00  1.27312E+01  1.20150E+02  7.62376E+01
  5.30980E-01  1.86498E+00  1.27477E+01  1.19270E+02  8.06189E+01
  5.25980E-01  1.85256E+00  1.27641E+01  1.18365E+02  8.53224E+01
  5.20980E-01  1.83987E+00  1.27801E+01  1.17432E+02  9.03933E+01
  5.15980E-01  1.82689E+00  1.27961E+01  1.16472E+02  9.58462E+01
  5.10980E-01  1.81364E+00  1.28117E+01  1.15486E+02  1.01735E+02
  5.05980E-01  1.80010E+00  1.28272E+01  1.14472E+02  1.08081E+02
  5.00980E-01  1.78627E+00  1.28423E+01  1.13430E+02  1.14958E+02
  4.95980E-01  1.77214E+00  1.28573E+01  1.12360E+02  1.22389E+02
  4.90980E-01  1.75772E+00  1.28720E+01  1.11263E+02  1.30442E+02
  4.85980E-01  1.74301E+00  1.28864E+01  1.10138E+02  1.39174E+02
  4.80980E-01  1.72799E+00  1.29005E+01  1.08985E+02  1.48663E+02
  4.75980E-01  1.71267E+00  1.29143E+01  1.07804E+02  1.58964E+02
  4.70980E-01  1.69705E+00  1.29279E+01  1.06595E+02  1.70187E+02
  4.65980E-01  1.68112E+00  1.29410E+01  1.05358E+02  1.82439E+02
  4.60980E-01  1.66487E+00  1.29540E+01  1.04094E+02  1.95779E+02
  4.55980E-01  1.64832E+00  1.29666E+01  1.02802E+02  2.10399E+02
  4.50980E-01  1.63145E+00  1.29788E+01  1.01482E+02  2.26377E+02
  4.45980E-01  1.61427E+00  1.29907E+01  1.00136E+02  2.43904E+02
  4.40980E-01  1.59677E+00  1.30021E+01  9.87618E+01  2.63139E+02
  4.35980E-01  1.57895E+00  1.30134E+01  9.73613E+01  2.84278E+02
  4.30980E-01  1.56082E+00  1.30241E+01  9.59343E+01  3.07571E+02
  4.25980E-01  1.54237E+00  1.30345E+01  9.44814E+01  3.33240E+02
  4.20980E-01  1.52360E+00  1.30445E+01  9.30029E+01  3.61603E+02
  4.15980E-01  1.50452E+00  1.30541E+01  9.14994E+01  3.93018E+02
  4.10980E-01  1.48512E+00  1.30633E+01  8.99713E+01  4.27811E+02
  4.05980E-01  1.46540E+00  1.30721E+01  8.84193E+01  4.66425E+02
  4.00980E-01  1.44538E+00  1.30804E+01  8.68441E+01  5.09411E+02
  3.95980E-01  1.42504E+00  1.30883E+01  8.52463E+01  5.57270E+02
  3.90980E-01  1.40440E+00  1.30959E+01  8.36268E+01  6.10727E+02
  3.85980E-01  1.38345E+00  1.31029E+01  8.19864E+01  6.70579E+02
  3.80980E-01  1.36220E+00  1.31095E+01  8.03260E+01  7.37557E+02
  3.75980E-01  1.34066E+00  1.31158E+01  7.86466E+01  8.12812E+02
  3.70980E-01  1.31883E+00  1.31215E+01  7.69493E+01  8.97464E+02
  3.65980E-01  1.29671E+00  1.31268E+01  7.52350E+01  9.92932E+02
  3.60980E-01  1.27432E+00  1.31316E+01  7.35052E+01  1.10101E+03
  3.55980E-01  1.25165E+00  1.31362E+01  7.17611E+01  1.22323E+03
  3.50980E-01  1.22872E+00  1.31403E+01  7.00037E+01  1.36196E+03
  3.45980E-01  1.20553E+00  1.31439E+01  6.82348E+01  1.52016E+03
  3.40980E-01  1.18211E+00  1.31472E+01  6.64557E+01  1.70029E+03
  3.35980E-01  1.15844E+00  1.31501E+01  6.46677E+01  1.90637E+03
  3.30980E-01  1.13455E+00  1.31527E+01  6.28728E+01  2.14285E+03
  3.25980E-01  1.11045E+00  1.31551E+01  6.10724E+01  2.41456E+03
  3.20980E-01  1.08614E+00  1.31571E+01  5.92684E+01  2.72781E+03
  3.15980E-01  1.06165E+00  1.31588E+01  5.74624E+01  3.09003E+03
  3.10980E-01  1.03699E+00  1.31605E+01  5.56562E+01  3.50998E+03
  3.05980E-01  1.01217E+00  1.31621E+01  5.38519E+01  3.99814E+03
  3.00980E-01  9.87208E-01  1.31634E+01  5.20515E+01  4.56789E+03
  2.95980E-01  9.62120E-01  1.31649E+01  5.02566E+01  5.23398E+03
  2.90980E-01  9.36928E-01  1.31664E+01  4.84697E+01  6.01632E+03
  2.85980E-01  9.11647E-01  1.31682E+01  4.66925E+01  6.93695E+03
  2.80980E-01  8.86298E-01  1.31704E+01  4.49273E+01  8.02464E+03
  2.75980E-01  8.60902E-01  1.31729E+01  4.31762E+01  9.31576E+03
  2.70980E-01  8.35481E-01  1.31760E+01  4.14414E+01  1.08523E+04
  2.65980E-01  8.10056E-01  1.31800E+01  3.97250E+01  1.26864E+04
  2.60980E-01  7.84650E-01  1.31849E+01  3.80290E+01  1.48876E+04
  2.55980E-01  7.59288E-01  1.31911E+01  3.63557E+01  1.75367E+04
  2.50980E-01  7.33991E-01  1.31984E+01  3.47070E+01  2.07415E+04
  2.45980E-01  7.08789E-01  1.32076E+01  3.30853E+01  2.46265E+04
  2.40980E-01  6.83707E-01  1.32188E+01  3.14925E+01  2.93676E+04
  2.35980E-01  6.58773E-01  1.32325E+01  2.99309E+01  3.51791E+04
  2.30980E-01  6.34012E-01  1.32486E+01  2.84021E+01  4.23305E+04
  2.25980E-01  6.09453E-01  1.32685E+01  2.69082E+01  5.11712E+04
  2.20980E-01  5.85128E-01  1.32920E+01  2.54513E+01  6.21494E+04
  2.15980E-01  5.61061E-01  1.33200E+01  2.40327E+01  7.58780E+04
  2.10980E-01  5.37282E-01  1.33533E+01  2.26543E+01  9.31156E+04
  2.05980E-01  5.13821E-01  1.33927E+01  2.13176E+01  1.14858E+05
  2.00980E-01  4.90708E-01  1.34391E+01  2.00241E+01  1.42506E+05
  1.95980E-01  4.67970E-01  1.34936E+01  1.87749E+01  1.77808E+05
  1.90980E-01  4.45638E-01  1.35581E+01  1.75714E+01  2.23074E+05
  1.85980E-01  4.23740E-01  1.36335E+01  1.64146E+01  2.81693E+05
  1.80980E-01  4.02306E-01  1.37219E+01  1.53055E+01  3.57993E+05
  1.75980E-01  3.81362E-01  1.38257E+01  1.42446E+01  4.57881E+05
  1.70980E-01  3.60937E-01  1.39473E+01  1.32328E+01  5.89722E+05
  1.65980E-01  3.41059E-01  1.40907E+01  1.22703E+01  7.64621E+05
  1.60980E-01  3.21752E-01  1.42586E+01  1.13575E+01  9.98673E+05
  1.55980E-01  3.03042E-01  1.44566E+01  1.04945E+01  1.31431E+06
  1.50980E-01  2.84952E-01  1.46899E+01  9.68124E+00  1.74324E+06
  1.45980E-01  2.67506E-01  1.49670E+01  8.91752E+00  2.33069E+06
  1.40980E-01  2.50726E-01  1.52963E+01  8.20305E+00  3.14143E+06
  1.35980E-01  2.34631E-01  1.56892E+01  7.53738E+00  4.27027E+06
  1.30980E-01  2.19241E-01  1.61602E+01  6.91987E+00  5.85545E+06
  1.25980E-01  2.04574E-01  1.67327E+01  6.35004E+00  8.10254E+06
  1.20980E-01  1.90645E-01  1.74304E+01  5.82704E+00  1.13193E+07
  1.15980E-01  1.77470E-01  1.82898E+01  5.35030E+00  1.59680E+07
  1.10980E-01  1.65063E-01  1.93592E+01  4.91918E+00  2.27663E+07
  1.05980E-01  1.53437E-01  2.07176E+01  4.53335E+00  3.28136E+07
  1.00980E-01  1.42607E-01  2.24666E+01  4.19287E+00  4.79210E+07
  9.59800E-02  1.32584E-01  2.47793E+01  3.89854E+00  7.12305E+07
  9.09800E-02  1.23384E-01  2.79141E+01  3.65272E+00  1.08725E+08
  8.59800E-02  1.15026E-01  3.23362E+01  3.46077E+00  1.74466E+08
  8.09800E-02  1.07541E-01  3.89164E+01  3.33608E+00  3.14085E+08
